X	Edge	Bias	Value	Uncertainty	Exception
-3	0.19809	0.406410327216076	1.40641032721608	94.8665075575479	NotMonotonicException
-2.95	0.19813	0.385440491902443	1.38544049190244	80.0947332781147	NotMonotonicException
-2.9	0.19818	0.366342508133599	1.3663425081336	68.1046300035446	NotMonotonicException
-2.85	0.19823	0.34850417479664	1.34850417479664	57.8613933676951	NotMonotonicException
-2.8	0.19828	0.331793448551622	1.33179344855162	49.117551739466	NotMonotonicException
-2.75	0.19833	0.316094841654885	1.31609484165488	41.6597315576098	NotMonotonicException
-2.7	0.19838	0.301307304213104	1.3013073042131	35.3040899592853	NotMonotonicException
-2.65	0.19842	0.287175131402532	1.28717513140253	29.6629899161076	NotMonotonicException
-2.6	0.19847	0.273976860699141	1.27397686069914	25.0951527836542	NotMonotonicException
-2.55	0.19852	0.261452761787402	1.2614527617874	21.2124294582746	NotMonotonicException
-2.5	0.19857	0.249543670405877	1.24954367040588	17.9150659646273	NotMonotonicException
-2.45	0.19862	0.238197621593829	1.23819762159383	15.1174331881087	NotMonotonicException
-2.4	0.19866	0.227283824347136	1.22728382434714	12.6509398020075	NotMonotonicException
-2.35	0.19871	0.216942341404682	1.21694234140468	10.6584460329892	NotMonotonicException
-2.3	0.19876	0.207041138319824	1.20704113831982	8.97295454858184	NotMonotonicException
-2.25	0.19881	0.197549097525143	1.19754909752514	7.54871559964739	NotMonotonicException
-2.2	0.19886	0.188438689536883	1.18843868953688	6.34661757495976	NotMonotonicException
-2.15	0.19891	0.17968551328009	1.17968551328009	5.33325286624337	NotMonotonicException
-2.1	0.19896	0.171267896276567	1.17126789627657	4.48011104712141	NotMonotonicException
-2.05	0.199	0.163129373835805	1.16312937383581	3.73671787697149	NotMonotonicException
-2	0.19905	0.155330801712544	1.15533080171254	3.13925714097241	NotMonotonicException
-1.95	0.1991	0.147815428937308	1.14781542893731	2.6386274615678	NotMonotonicException
-1.9	0.19915	0.140569512468995	1.14056951246899	2.21994898105205	NotMonotonicException
-1.85	0.1992	0.133580689394669	1.13358068939467	1.87056901902932	NotMonotonicException
-1.8	0.19925	0.126837806158433	1.12683780615843	1.57972986852199	NotMonotonicException
-1.75	0.19929	0.120310275023891	1.12031027502389	1.3305464158739	NotMonotonicException
-1.7	0.19934	0.114031694768025	1.11403169476802	1.1322274121067	NotMonotonicException
-1.65	0.19939	0.107971277947378	1.10797127794738	0.968594596577198	NotMonotonicException
-1.6	0.19944	0.102121432465896	1.1021214324659	0.833998382506416	NotMonotonicException
-1.55	0.19949	0.0964752011984154	1.09647520119842	0.723587899364816	NotMonotonicException
-1.5	0.19954	0.0910261891592785	1.09102618915928	0.633187357935433	NotMonotonicException
-1.45	0.19959	0.0857685001847908	1.08576850018479	0.559200262337859	NotMonotonicException
-1.4	0.19964	0.0806966818634021	1.0806966818634	0.498538528694195	NotMonotonicException
-1.35	0.19968	0.0757953637109743	1.07579536371097	0.447583719631675	NotMonotonicException
-1.3	0.19973	0.0710812914002319	1.07108129140023	0.406355947568742	NotMonotonicException
-1.25	0.19978	0.0665388835437273	1.06653888354373	0.371711145475395	NotMonotonicException
-1.2	0.19983	0.0621640482242161	1.06216404822422	0.342173177040791	NotMonotonicException
-1.15	0.19988	0.0579529508718872	1.05795295087189	0.316566148863669	NotMonotonicException
-1.1	0.19993	0.0539019902149416	1.05390199021494	0.293970264473689	NotMonotonicException
-1.05	0.19997	0.0500015744792641	1.05000157447926	0.273534650286907	NotMonotonicException
-1	0.20002	0.0462614433845185	1.04626144338452	0.255046916247354	NotMonotonicException
-0.95	0.20006	0.0426666379463245	1.04266663794632	0.237834546090829	NotMonotonicException
-0.9	0.20011	0.039225121603508	1.03922512160351	0.221768748082485	NotMonotonicException
-0.85	0.20015	0.0359242506624244	1.03592425066242	0.206486778988551	NotMonotonicException
-0.8	0.2002	0.0327704221401774	1.03277042214018	0.191917928007698	NotMonotonicException
-0.75	0.20024	0.0297530170623068	1.02975301706231	0.177863200250844	NotMonotonicException
-0.7	0.20029	0.026877048757415	1.02687704875742	0.164286282265404	NotMonotonicException
-0.65	0.20033	0.0241336769684446	1.02413367696844	0.151073274771241	NotMonotonicException
-0.6	0.20037	0.0215242298775313	1.02152422987753	0.138193675304136	NotMonotonicException
-0.55	0.20042	0.0190488253585477	1.01904882535855	0.125615948712626	NotMonotonicException
-0.5	0.20046	0.0167009016372339	1.01670090163723	0.113284541303487	NotMonotonicException
-0.45	0.2005	0.0144810639247301	1.01448106392473	0.101185594870677	NotMonotonicException
-0.4	0.20054	0.0123875411715708	1.01238754117157	0.0892973964106331	NotMonotonicException
-0.35	0.20059	0.0104198039976358	1.01041980399764	0.0776068945921174	NotMonotonicException
-0.3	0.20063	0.00857371739123614	1.00857371739124	0.0660871514129816	NotMonotonicException
-0.25	0.20067	0.00684913279416444	1.00684913279416	0.0547305955819028	NotMonotonicException
-0.2	0.20071	0.00524458966696772	1.00524458966697	0.0435249185111244	NotMonotonicException
-0.15	0.20075	0.00375869703837894	1.00375869703838	0.0324589473700184	NotMonotonicException
-0.1	0.20078	0.00238987121861967	1.00238987121862	0.0215211358744513	NotMonotonicException
-0.05	0.20082	0.00113750800688539	1.00113750800689	0.0107051209099095	NotMonotonicException
0.05	0.20089	-0.0010236805970808	0.998976319402919	0.0106020806752926	NotMonotonicException
0.1	0.20093	-0.00193473627659202	0.998065263723408	0.0211097660283367	NotMonotonicException
0.15	0.20096	-0.00273389933547141	0.997266100664529	0.031528969095486	NotMonotonicException
0.2	0.20099	-0.00342228605328898	0.996577713946711	0.0418676641072481	NotMonotonicException
0.25	0.20102	-0.00400084917597965	0.99599915082402	0.0521329289748352	NotMonotonicException
0.3	0.20105	-0.00447048933655814	0.995529510663442	0.0623315750388788	NotMonotonicException
0.35	0.20108	-0.00483205653171626	0.995167943468284	0.0724701728258293	NotMonotonicException
0.4	0.2011	-0.00508581858986368	0.994914181410136	0.0825507231890686	NotMonotonicException
0.45	0.20113	-0.00523358027650234	0.994766419723498	0.0925875873557944	NotMonotonicException
0.5	0.20115	-0.00527499010800514	0.994725009891995	0.10257755454055	NotMonotonicException
0.55	0.20118	-0.00521181554545047	0.99478818445455	0.112536603532492	NotMonotonicException
0.6	0.2012	-0.00504360293723161	0.994956397062768	0.122459253924977	NotMonotonicException
0.65	0.20122	-0.00477150593400066	0.995228494065999	0.132356351804117	NotMonotonicException
0.7	0.20125	-0.00439653878818136	0.995603461211819	0.142240500279243	NotMonotonicException
0.75	0.20127	-0.00391826385448824	0.996081736145512	0.152102984783631	NotMonotonicException
0.8	0.20129	-0.00333765214457715	0.996662347855423	0.161955705850121	NotMonotonicException
0.85	0.20132	-0.00265541300932381	0.997344586990676	0.171812316921433	NotMonotonicException
0.9	0.20134	-0.0018713202014079	0.998128679798592	0.181661009098262	NotMonotonicException
0.95	0.20136	-0.000986075456392177	0.999013924543608	0.1915147913267	NotMonotonicException
1.05	0.20141	0.00108673266610282	1.0010867326661	0.211267146755853	NotMonotonicException
1.1	0.20143	0.00227377493141279	1.00227377493141	0.221165074956708	NotMonotonicException
1.15	0.20145	0.00356091587350016	1.0035609158735	0.231086814005872	NotMonotonicException
1.2	0.20147	0.00494798018930154	1.0049479801893	0.241036894644595	NotMonotonicException
1.25	0.2015	0.00643547632608277	1.00643547632608	0.251032169766859	NotMonotonicException
1.3	0.20152	0.00802215999365119	1.00802215999365	0.261052828656713	NotMonotonicException
1.35	0.20154	0.00970845928686592	1.00970845928687	0.271115163494202	NotMonotonicException
1.4	0.20156	0.0114943363968387	1.01149433639684	0.281223547311788	NotMonotonicException
1.45	0.20159	0.013381127508973	1.01338112750897	0.291396686853833	NotMonotonicException
1.5	0.20161	0.0153663765141194	1.01536637651412	0.301610700960167	NotMonotonicException
1.55	0.20163	0.0174512977514016	1.0174512977514	0.311883749003895	NotMonotonicException
1.6	0.20165	0.0196359844441663	1.01963598444417	0.322220124574293	NotMonotonicException
1.65	0.20168	0.0219227474969823	1.02192274749698	0.332640590696839	NotMonotonicException
1.7	0.2017	0.0243076075001176	1.02430760750012	0.343117023729164	NotMonotonicException
1.75	0.20172	0.0267927128775303	1.02679271287753	0.353669637838634	NotMonotonicException
1.8	0.20175	0.0293812036086234	1.02938120360862	0.364320888463174	NotMonotonicException
1.85	0.20177	0.0320677534700102	1.03206775347001	0.375039305978978	NotMonotonicException
1.9	0.20179	0.0348553097372428	1.03485530973724	0.38584678722377	NotMonotonicException
1.95	0.20182	0.0377479272562622	1.03774792725626	0.396767623291565	NotMonotonicException
2.05	0.20186	0.0438316295707601	1.04383162957076	0.418868090839825	NotMonotonicException
2.1	0.20188	0.0470269494949489	1.04702694949495	0.430075815794395	NotMonotonicException
2.15	0.20191	0.0503301279925665	1.05033012799257	0.441416979968011	NotMonotonicException
2.2	0.20193	0.0537320062038349	1.05373200620383	0.452851549374778	NotMonotonicException
2.25	0.20195	0.0572377322095809	1.05723773220958	0.464405902633235	NotMonotonicException
2.3	0.20198	0.0608538414964241	1.06085384149642	0.476109252570486	NotMonotonicException
2.35	0.202	0.0645692297240625	1.06456922972406	0.487917487521631	NotMonotonicException
2.4	0.20202	0.0683901378396932	1.06839013783969	0.499859181599982	NotMonotonicException
2.45	0.20205	0.0723243195432794	1.07232431954328	0.511965969308993	NotMonotonicException
2.5	0.20207	0.07635853715556	1.07635853715556	0.524189366087475	NotMonotonicException
2.55	0.20209	0.0805002182689374	1.08050021826894	0.536560330108349	NotMonotonicException
2.6	0.20211	0.0847500676520403	1.08475006765204	0.549083668111212	NotMonotonicException
2.65	0.20214	0.0891176160728988	1.0891176160729	0.561794577468552	NotMonotonicException
2.7	0.20216	0.0935864797500372	1.09358647975004	0.574638220250306	NotMonotonicException
2.75	0.20218	0.0981658200274478	1.09816582002745	0.587649057606291	NotMonotonicException
2.8	0.20221	0.102866620560341	1.10286662056034	0.600865235541055	NotMonotonicException
2.85	0.20223	0.107669902870057	1.10766990287006	0.614226709003606	NotMonotonicException
2.9	0.20225	0.11258624756317	1.11258624756317	0.627770835368493	NotMonotonicException
2.95	0.20228	0.117628199060193	1.11762819906019	0.641538969814333	NotMonotonicException
3.05	0.20232	0.128035679812166	1.12803567981217	0.669590740724899	NotMonotonicException
3.1	0.20234	0.133414331094084	1.13341433109408	0.683920447721807	NotMonotonicException
3.15	0.20237	0.138924729888041	1.13892472988804	0.698500636027506	NotMonotonicException
3.2	0.20239	0.144541012334695	1.14454101233469	0.713257384747571	NotMonotonicException
3.25	0.20241	0.150277493914944	1.15027749391494	0.728235835768473	NotMonotonicException
3.3	0.20244	0.156150809338591	1.15615080933859	0.743485979195371	NotMonotonicException
3.35	0.20246	0.162131764899646	1.16213176489965	0.758927097966666	NotMonotonicException
3.4	0.20248	0.168236470901227	1.16823647090123	0.774608168877692	NotMonotonicException
3.45	0.20251	0.17448352166134	1.17448352166134	0.790583438775902	NotMonotonicException
3.5	0.20253	0.180840150855633	1.18084015085563	0.806764812828455	NotMonotonicException
3.55	0.20255	0.18732438855193	1.18732438855193	0.823205440684848	NotMonotonicException
3.6	0.20258	0.193956922106244	1.19395692210624	0.839964202287765	NotMonotonicException
3.65	0.2026	0.20070115769467	1.20070115769467	0.85694498857563	NotMonotonicException
3.7	0.20262	0.207577176682692	1.20757717668269	0.874205489912575	NotMonotonicException
3.75	0.20265	0.214607900229174	1.21460790022917	0.891809628775613	NotMonotonicException
3.8	0.20267	0.221752638912676	1.22175263891268	0.909652586238072	NotMonotonicException
3.85	0.20269	0.229033664080065	1.22903366408007	0.92779699371206	NotMonotonicException
3.9	0.20271	0.236452546294479	1.23645254629448	0.946250384102645	NotMonotonicException
3.95	0.20274	0.244035417348577	1.24403541734858	0.965084101551595	NotMonotonicException
