2n	Momentum	Exp=-2.00, Dev=2.00e-01	Variance	Value	Exp=-2.00, Dev=1.95e-01	Variance	Value	Exp=-1.50, Dev=2.00e-01	Variance	Value	Exp=-1.50, Dev=1.95e-01	Variance	Value	Exp=-1.00, Dev=2.00e-01	Variance	Value	Exp=-1.00, Dev=1.95e-01	Variance	Value	Exp=-0.50, Dev=2.00e-01	Variance	Value	Exp=-0.50, Dev=1.95e-01	Variance	Value	Exp=0.50, Dev=2.00e-01	Variance	Value	Exp=0.50, Dev=1.95e-01	Variance	Value	Exp=1.50, Dev=2.00e-01	Variance	Value	Exp=1.50, Dev=1.95e-01	Variance	Value	
2	1.000000e+00	4.000000e-02	1.600000e-01	4.000000e-02	3.802500e-02	1.521000e-01	3.802500e-02	4.000000e-02	9.000000e-02	4.000000e-02	3.802500e-02	8.555625e-02	3.802500e-02	4.000000e-02	4.000000e-02	4.000000e-02	3.802500e-02	3.802500e-02	3.802500e-02	4.000000e-02	1.000000e-02	4.000000e-02	3.802500e-02	9.506250e-03	3.802500e-02	4.000000e-02	1.000000e-02	4.000000e-02	3.802500e-02	9.506250e-03	3.802500e-02	4.000000e-02	9.000000e-02	4.000000e-02	3.802500e-02	8.555625e-02	3.802500e-02	
4	2.999628e+00	1.600000e-03	1.055851e-01	4.799405e-03	1.445901e-03	9.541601e-02	4.337164e-03	1.600000e-03	4.274401e-02	4.799405e-03	1.445901e-03	3.862724e-02	4.337164e-03	1.600000e-03	1.279822e-02	4.799405e-03	1.445901e-03	1.156559e-02	4.337164e-03	1.600000e-03	1.949731e-03	4.799405e-03	1.445901e-03	1.761948e-03	4.337164e-03	1.600000e-03	3.499535e-04	4.799405e-03	1.445901e-03	3.162488e-04	4.337164e-03	1.600000e-03	-4.499721e-04	4.799405e-03	1.445901e-03	-4.066344e-04	4.337164e-03	
6	1.498885e+01	6.400000e-05	6.139076e-02	9.592864e-04	5.498037e-05	5.273886e-02	8.240925e-04	6.400000e-05	1.946192e-02	9.592864e-04	5.498037e-05	1.671912e-02	8.240925e-04	6.400000e-05	4.412479e-03	9.592864e-04	5.498037e-05	3.790621e-03	8.240925e-04	6.400000e-05	4.871132e-04	9.592864e-04	5.498037e-05	4.184635e-04	8.240925e-04	6.400000e-05	3.747096e-05	9.592864e-04	5.498037e-05	3.219012e-05	8.240925e-04	6.400000e-05	-1.648983e-05	9.592864e-04	5.498037e-05	-1.416589e-05	8.240925e-04	
8	1.046896e+02	2.560000e-06	3.720935e-02	2.680055e-04	2.090629e-06	3.038708e-02	2.188672e-04	2.560000e-06	9.709306e-03	2.680055e-04	2.090629e-06	7.929123e-03	2.188672e-04	2.560000e-06	1.776261e-03	2.680055e-04	2.090629e-06	1.450587e-03	2.188672e-04	2.560000e-06	1.545290e-04	2.680055e-04	2.090629e-06	1.261964e-04	2.188672e-04	2.560000e-06	6.785601e-06	2.680055e-04	2.090629e-06	5.541474e-06	2.188672e-04	2.560000e-06	-1.828800e-06	2.680055e-04	2.090629e-06	-1.493493e-06	2.188672e-04	
10	9.363992e+02	1.024000e-07	2.441307e-02	9.588728e-05	7.949615e-08	1.895259e-02	7.444013e-05	1.024000e-07	5.418305e-03	9.588728e-05	7.949615e-08	4.206390e-03	7.444013e-05	1.024000e-07	8.323371e-04	9.588728e-05	7.949615e-08	6.461679e-04	7.444013e-05	1.024000e-07	5.995025e-05	9.588728e-05	7.949615e-08	4.654116e-05	7.444013e-05	1.024000e-07	1.735963e-06	9.588728e-05	7.949615e-08	1.347680e-06	7.444013e-05	1.024000e-07	-3.396066e-07	9.588728e-05	7.949615e-08	-2.636467e-07	7.444013e-05	
12	1.015520e+04	4.096000e-09	1.743056e-02	4.159571e-05	3.022841e-09	1.286372e-02	3.069756e-05	4.096000e-09	3.367720e-03	4.159571e-05	3.022841e-09	2.485372e-03	3.069756e-05	4.096000e-09	4.463890e-04	4.159571e-05	3.022841e-09	3.294344e-04	3.069756e-05	4.096000e-09	2.749507e-05	4.159571e-05	3.022841e-09	2.029132e-05	3.069756e-05	4.096000e-09	5.723971e-07	4.159571e-05	3.022841e-09	4.224281e-07	3.069756e-05	4.096000e-09	-8.821732e-08	4.159571e-05	3.022841e-09	-6.510423e-08	3.069756e-05	
14	1.283879e+05	1.638400e-10	1.346000e-02	2.103507e-05	1.149435e-10	9.442994e-03	1.475736e-05	1.638400e-10	2.303322e-03	2.103507e-05	1.149435e-10	1.615918e-03	1.475736e-05	1.638400e-10	2.686937e-04	2.103507e-05	1.149435e-10	1.885046e-04	1.475736e-05	1.638400e-10	1.447960e-05	2.103507e-05	1.149435e-10	1.015830e-05	1.475736e-05	1.638400e-10	2.294733e-07	2.103507e-05	1.149435e-10	1.609892e-07	1.475736e-05	1.638400e-10	-2.923836e-08	2.103507e-05	1.149435e-10	-2.051245e-08	1.475736e-05	
16	1.835075e+06	6.553600e-12	1.112297e-02	1.202634e-05	4.370728e-12	7.418133e-03	8.020612e-06	6.553600e-12	1.708516e-03	1.202634e-05	4.370728e-12	1.139444e-03	8.020612e-06	6.553600e-12	1.780573e-04	1.202634e-05	4.370728e-12	1.187500e-04	8.020612e-06	6.553600e-12	8.538185e-06	1.202634e-05	4.370728e-12	5.694288e-06	8.020612e-06	6.553600e-12	1.072653e-07	1.202634e-05	4.370728e-12	7.153740e-08	8.020612e-06	6.553600e-12	-1.166429e-08	1.202634e-05	4.370728e-12	-7.779147e-09	8.020612e-06	
18	2.892768e+07	2.621440e-13	9.720956e-03	7.583217e-06	1.661969e-13	6.162998e-03	4.807692e-06	2.621440e-13	1.354642e-03	7.583217e-06	1.661969e-13	8.588306e-04	4.807692e-06	2.621440e-13	1.276195e-04	7.583217e-06	1.661969e-13	8.090960e-05	4.807692e-06	2.621440e-13	5.516905e-06	7.583217e-06	1.661969e-13	3.497668e-06	4.807692e-06	2.621440e-13	5.662109e-08	7.583217e-06	1.661969e-13	3.589726e-08	4.807692e-06	2.621440e-13	-5.374747e-09	7.583217e-06	1.661969e-13	-3.407541e-09	4.807692e-06	
20	4.929112e+08	1.048576e-14	8.884070e-03	5.168548e-06	6.319638e-15	5.354319e-03	3.115020e-06	1.048576e-14	1.132991e-03	5.168548e-06	6.319638e-15	6.828398e-04	3.115020e-06	1.048576e-14	9.740847e-05	5.168548e-06	6.319638e-15	5.870689e-05	3.115020e-06	1.048576e-14	3.835767e-06	5.168548e-06	6.319638e-15	2.311769e-06	3.115020e-06	1.048576e-14	3.291607e-08	5.168548e-06	6.319638e-15	1.983811e-08	3.115020e-06	1.048576e-14	-2.773896e-09	5.168548e-06	6.319638e-15	-1.671793e-09	3.115020e-06	
22	8.933267e+09	4.194304e-16	8.407103e-03	3.746884e-06	2.403042e-16	4.816681e-03	2.146702e-06	4.194304e-16	9.883520e-04	3.746884e-06	2.403042e-16	5.662565e-04	2.146702e-06	4.194304e-16	7.815596e-05	3.746884e-06	2.403042e-16	4.477789e-05	2.146702e-06	4.194304e-16	2.827244e-06	3.746884e-06	2.403042e-16	1.619813e-06	2.146702e-06	4.194304e-16	2.066351e-08	3.746884e-06	2.403042e-16	1.183874e-08	2.146702e-06	4.194304e-16	-1.566270e-09	3.746884e-06	2.403042e-16	-8.973628e-10	2.146702e-06	
24	1.700184e+11	1.677722e-17	8.170982e-03	2.852436e-06	9.137569e-18	4.450256e-03	1.553555e-06	1.677722e-17	8.909627e-04	2.852436e-06	9.137569e-18	4.852553e-04	1.553555e-06	1.677722e-17	6.522990e-05	2.852436e-06	9.137569e-18	3.552692e-05	1.553555e-06	1.677722e-17	2.182942e-06	2.852436e-06	9.137569e-18	1.188921e-06	1.553555e-06	1.677722e-17	1.379386e-08	2.852436e-06	9.137569e-18	7.512711e-09	1.553555e-06	1.677722e-17	-9.503039e-10	2.852436e-06	9.137569e-18	-5.175750e-10	1.553555e-06	
26	3.364293e+12	6.710886e-19	8.103684e-03	2.257739e-06	3.474561e-19	4.195682e-03	1.168944e-06	6.710886e-19	8.239082e-04	2.257739e-06	3.474561e-19	4.265784e-04	1.168944e-06	6.710886e-19	5.616128e-05	2.257739e-06	3.474561e-19	2.907749e-05	1.168944e-06	6.710886e-19	1.749047e-06	2.257739e-06	3.474561e-19	9.055691e-07	1.168944e-06	6.710886e-19	9.675082e-09	2.257739e-06	3.474561e-19	5.009273e-09	1.168944e-06	6.710886e-19	-6.110131e-10	2.257739e-06	3.474561e-19	-3.163519e-10	1.168944e-06	
28	6.868173e+13	2.684355e-20	8.159966e-03	1.843661e-06	1.321202e-20	4.016221e-03	9.074241e-07	2.684355e-20	7.771139e-04	1.843661e-06	1.321202e-20	3.824846e-04	9.074241e-07	2.684355e-20	4.955799e-05	1.843661e-06	1.321202e-20	2.439175e-05	9.074241e-07	2.684355e-20	1.443619e-06	1.843661e-06	1.321202e-20	7.105289e-07	9.074241e-07	2.684355e-20	7.064347e-09	1.843661e-06	1.321202e-20	3.476972e-09	9.074241e-07	2.684355e-20	-4.118824e-10	1.843661e-06	1.321202e-20	-2.027227e-10	9.074241e-07	
30	1.437915e+15	1.073742e-21	8.310421e-03	1.543950e-06	5.023869e-22	3.888315e-03	7.223899e-07	1.073742e-21	7.443252e-04	1.543950e-06	5.023869e-22	3.482581e-04	7.223899e-07	1.073742e-21	4.459577e-05	1.543950e-06	5.023869e-22	2.086566e-05	7.223899e-07	1.073742e-21	1.220441e-06	1.543950e-06	5.023869e-22	5.710250e-07	7.223899e-07	1.073742e-21	5.330848e-09	1.543950e-06	5.023869e-22	2.494220e-09	7.223899e-07	1.073742e-21	-2.886786e-10	1.543950e-06	5.023869e-22	-1.350682e-10	7.223899e-07	
32	3.072901e+16	4.294967e-23	8.535342e-03	1.319801e-06	1.910326e-23	3.796371e-03	5.870243e-07	4.294967e-23	7.215144e-04	1.319801e-06	1.910326e-23	3.209170e-04	5.870243e-07	4.294967e-23	4.076514e-05	1.319801e-06	1.910326e-23	1.813162e-05	5.870243e-07	4.294967e-23	1.052125e-06	1.319801e-06	1.910326e-23	4.679668e-07	5.870243e-07	4.294967e-23	4.134018e-09	1.319801e-06	1.910326e-23	1.838739e-09	5.870243e-07	4.294967e-23	-2.090007e-10	1.319801e-06	1.910326e-23	-9.295985e-11	5.870243e-07	
34	6.678980e+17	1.717987e-24	8.821155e-03	1.147440e-06	7.264016e-25	3.729773e-03	4.851622e-07	1.717987e-24	7.060022e-04	1.147440e-06	7.264016e-25	2.985128e-04	4.851622e-07	1.717987e-24	3.773911e-05	1.147440e-06	7.264016e-25	1.595690e-05	4.851622e-07	1.717987e-24	9.217229e-07	1.147440e-06	7.264016e-25	3.897242e-07	4.851622e-07	1.717987e-24	3.279960e-09	1.147440e-06	7.264016e-25	1.386837e-09	4.851622e-07	1.717987e-24	-1.555049e-10	1.147440e-06	7.264016e-25	-6.575078e-11	4.851622e-07	
36	1.472245e+19	6.871948e-26	9.158279e-03	1.011719e-06	2.762142e-26	3.681120e-03	4.066550e-07	6.871948e-26	6.959539e-04	1.011719e-06	2.762142e-26	2.797349e-04	4.066550e-07	6.871948e-26	3.530074e-05	1.011719e-06	2.762142e-26	1.418894e-05	4.066550e-07	6.871948e-26	8.183409e-07	1.011719e-06	2.762142e-26	3.289277e-07	4.066550e-07	6.871948e-26	2.653092e-09	1.011719e-06	2.762142e-26	1.066396e-09	4.066550e-07	6.871948e-26	-1.184214e-10	1.011719e-06	2.762142e-26	-4.759883e-11	4.066550e-07	
38	3.283812e+20	2.748779e-27	9.539796e-03	9.026473e-07	1.050305e-27	3.645142e-03	3.449002e-07	2.748779e-27	6.900811e-04	9.026473e-07	1.050305e-27	2.636790e-04	3.449002e-07	2.748779e-27	3.330181e-05	9.026473e-07	1.050305e-27	1.272457e-05	3.449002e-07	2.748779e-27	7.347401e-07	9.026473e-07	1.050305e-27	2.807431e-07	3.449002e-07	2.748779e-27	2.181708e-09	9.026473e-07	1.050305e-27	8.336276e-10	3.449002e-07	2.748779e-27	-9.199857e-11	9.026473e-07	1.050305e-27	-3.515252e-11	3.449002e-07	
40	7.398128e+21	1.099512e-28	9.960615e-03	8.134328e-07	3.993783e-29	3.618018e-03	2.954652e-07	1.099512e-28	6.874573e-04	8.134328e-07	3.993783e-29	2.497068e-04	2.954652e-07	1.099512e-28	3.163835e-05	8.134328e-07	3.993783e-29	1.149207e-05	2.954652e-07	1.099512e-28	6.659663e-07	8.134328e-07	3.993783e-29	2.419006e-07	2.954652e-07	1.099512e-28	1.819744e-09	8.134328e-07	3.993783e-29	6.609900e-10	2.954652e-07	1.099512e-28	-7.271772e-11	8.134328e-07	3.993783e-29	-2.641344e-11	2.954652e-07	
42	1.681048e+23	4.398047e-30	1.041692e-02	7.393328e-07	1.518636e-30	3.596939e-03	2.552900e-07	4.398047e-30	6.874032e-04	7.393328e-07	1.518636e-30	2.373588e-04	2.552900e-07	4.398047e-30	3.023575e-05	7.393328e-07	1.518636e-30	1.044034e-05	2.552900e-07	4.398047e-30	6.085393e-07	7.393328e-07	1.518636e-30	2.101273e-07	2.552900e-07	4.398047e-30	1.536682e-09	7.393328e-07	1.518636e-30	5.306129e-10	2.552900e-07	4.398047e-30	-5.835250e-11	7.393328e-07	1.518636e-30	-2.014899e-11	2.552900e-07	
44	3.848046e+24	1.759219e-31	1.090580e-02	6.769554e-07	5.774613e-32	3.579814e-03	2.222098e-07	1.759219e-31	6.894108e-04	6.769554e-07	5.774613e-32	2.262982e-04	2.222098e-07	1.759219e-31	2.903934e-05	6.769554e-07	5.774613e-32	9.532126e-06	2.222098e-07	1.759219e-31	5.599565e-07	6.769554e-07	5.774613e-32	1.838050e-07	2.222098e-07	1.759219e-31	1.311751e-09	6.769554e-07	5.774613e-32	4.305805e-10	2.222098e-07	1.759219e-31	-4.745196e-11	6.769554e-07	5.774613e-32	-1.557605e-11	2.222098e-07	
46	8.865053e+25	7.036874e-33	1.142500e-02	6.238227e-07	2.195797e-33	3.565075e-03	1.946585e-07	7.036874e-33	6.930942e-04	6.238227e-07	2.195797e-33	2.162741e-04	1.946585e-07	7.036874e-33	2.800827e-05	6.238227e-07	2.195797e-33	8.739741e-06	1.946585e-07	7.036874e-33	5.183808e-07	6.238227e-07	2.195797e-33	1.617563e-07	1.946585e-07	7.036874e-33	1.130469e-09	6.238227e-07	2.195797e-33	3.527532e-10	1.946585e-07	7.036874e-33	-3.904533e-11	6.238227e-07	2.195797e-33	-1.218376e-11	1.946585e-07	
48	2.053787e+27	2.814750e-34	1.197278e-02	5.780896e-07	8.349517e-35	3.551538e-03	1.714813e-07	2.814750e-34	6.981557e-04	5.780896e-07	8.349517e-35	2.070970e-04	1.714813e-07	2.814750e-34	2.711155e-05	5.780896e-07	8.349517e-35	8.042219e-06	1.714813e-07	2.814750e-34	4.824378e-07	5.780896e-07	8.349517e-35	1.431076e-07	1.714813e-07	2.814750e-34	9.825213e-10	5.780896e-07	8.349517e-35	2.914496e-10	1.714813e-07	2.814750e-34	-3.246777e-11	5.780896e-07	8.349517e-35	-9.631058e-12	1.714813e-07	
50	4.781586e+28	1.125900e-35	1.254772e-02	5.383587e-07	3.174904e-36	3.538308e-03	1.518108e-07	1.125900e-35	7.043627e-04	5.383587e-07	3.174904e-36	1.986219e-04	1.518108e-07	1.125900e-35	2.632528e-05	5.383587e-07	3.174904e-36	7.423417e-06	1.518108e-07	1.125900e-35	4.510822e-07	5.383587e-07	3.174904e-36	1.271998e-07	1.518108e-07	1.125900e-35	8.604170e-10	5.383587e-07	3.174904e-36	2.426274e-10	1.518108e-07	1.125900e-35	-2.725435e-11	5.383587e-07	3.174904e-36	-7.685402e-12	1.518108e-07	
52	1.118116e+30	4.503600e-37	1.314871e-02	5.035548e-07	1.207257e-37	3.524709e-03	1.349854e-07	4.503600e-37	7.115306e-04	5.035548e-07	1.207257e-37	1.907364e-04	1.349854e-07	4.503600e-37	2.563079e-05	5.035548e-07	1.207257e-37	6.870715e-06	1.349854e-07	4.503600e-37	4.235069e-07	5.035548e-07	1.207257e-37	1.135274e-07	1.349854e-07	4.503600e-37	7.586229e-10	5.035548e-07	1.207257e-37	2.033602e-10	1.349854e-07	4.503600e-37	-2.307375e-11	5.035548e-07	1.207257e-37	-6.185265e-12	1.349854e-07	
54	2.624785e+31	1.801440e-38	1.377484e-02	4.728392e-07	4.590595e-39	3.510233e-03	1.204932e-07	1.801440e-38	7.195120e-04	4.728392e-07	4.590595e-39	1.833527e-04	1.204932e-07	1.801440e-38	2.501328e-05	4.728392e-07	4.590595e-39	6.374115e-06	1.204932e-07	1.801440e-38	3.990797e-07	4.728392e-07	4.590595e-39	1.016972e-07	1.204932e-07	1.801440e-38	6.729867e-10	4.728392e-07	4.590595e-39	1.714967e-10	1.204932e-07	1.801440e-38	-1.968587e-11	4.728392e-07	4.590595e-39	-5.016536e-12	1.204932e-07	
56	6.183237e+32	7.205759e-40	1.442537e-02	4.455492e-07	1.745574e-40	3.494503e-03	1.079330e-07	7.205759e-40	7.281874e-04	4.455492e-07	1.745574e-40	1.764012e-04	1.079330e-07	7.205759e-40	2.446092e-05	4.455492e-07	1.745574e-40	5.925587e-06	1.079330e-07	7.205759e-40	3.772994e-07	4.455492e-07	1.745574e-40	9.139967e-08	1.079330e-07	7.205759e-40	6.003486e-10	4.455492e-07	1.745574e-40	1.454327e-10	1.079330e-07	7.205759e-40	-1.691397e-11	4.455492e-07	1.745574e-40	-4.097360e-12	1.079330e-07	
58	1.461175e+34	2.882304e-41	1.509968e-02	4.211551e-07	6.637545e-42	3.477246e-03	9.698617e-08	2.882304e-41	7.374591e-04	4.211551e-07	6.637545e-42	1.698266e-04	9.698617e-08	2.882304e-41	2.396415e-05	4.211551e-07	6.637545e-42	5.518610e-06	9.698617e-08	2.882304e-41	3.577642e-07	4.211551e-07	6.637545e-42	8.238812e-08	9.698617e-08	2.882304e-41	5.382727e-10	4.211551e-07	6.637545e-42	1.239567e-10	9.698617e-08	2.882304e-41	-1.462615e-11	4.211551e-07	6.637545e-42	-3.368199e-12	9.698617e-08	
60	3.462761e+35	1.152922e-42	1.579726e-02	3.992292e-07	2.523926e-43	3.458269e-03	8.739754e-08	1.152922e-42	7.472468e-04	3.992292e-07	2.523926e-43	1.635841e-04	8.739754e-08	1.152922e-42	2.351514e-05	3.992292e-07	2.523926e-43	5.147833e-06	8.739754e-08	1.152922e-42	3.401484e-07	3.992292e-07	2.523926e-43	7.446383e-08	8.739754e-08	1.152922e-42	4.848590e-10	3.992292e-07	2.523926e-43	1.061433e-10	8.739754e-08	1.152922e-42	-1.272269e-11	3.992292e-07	2.523926e-43	-2.785196e-12	8.739754e-08	
62	8.227406e+36	4.611686e-44	1.651769e-02	3.794221e-07	9.597230e-45	3.437443e-03	7.896031e-08	4.611686e-44	7.574837e-04	3.794221e-07	9.597230e-45	1.576375e-04	7.896031e-08	4.611686e-44	2.310744e-05	3.794221e-07	9.597230e-45	4.808814e-06	7.896031e-08	4.611686e-44	3.241854e-07	3.794221e-07	9.597230e-45	6.746518e-08	7.896031e-08	4.611686e-44	4.386097e-10	3.794221e-07	9.597230e-45	9.127763e-11	7.896031e-08	4.611686e-44	-1.112730e-11	3.794221e-07	9.597230e-45	-2.315667e-12	7.896031e-08	
64	1.959407e+38	1.844674e-45	1.726061e-02	3.614468e-07	3.649347e-46	3.414692e-03	7.150556e-08	1.844674e-45	7.681137e-04	3.614468e-07	3.649347e-46	1.519571e-04	7.150556e-08	1.844674e-45	2.273571e-05	3.614468e-07	3.649347e-46	4.497839e-06	7.150556e-08	1.844674e-45	3.096555e-07	3.614468e-07	3.649347e-46	6.125960e-08	7.150556e-08	1.844674e-45	3.983319e-10	3.614468e-07	3.649347e-46	7.880258e-11	7.150556e-08	1.844674e-45	-9.781021e-12	3.614468e-07	3.649347e-46	-1.934994e-12	7.150556e-08	
66	4.676500e+39	7.378698e-47	1.802570e-02	3.450648e-07	1.387664e-47	3.389978e-03	6.489410e-08	7.378698e-47	7.790898e-04	3.450648e-07	1.387664e-47	1.465184e-04	6.489410e-08	7.378698e-47	2.239546e-05	3.450648e-07	1.387664e-47	4.211770e-06	6.489410e-08	7.378698e-47	2.963754e-07	3.450648e-07	1.387664e-47	5.573741e-08	6.489410e-08	7.378698e-47	3.630672e-10	3.450648e-07	1.387664e-47	6.827971e-11	6.489410e-08	7.378698e-47	-8.637783e-12	3.450648e-07	1.387664e-47	-1.624452e-12	6.489410e-08	
68	1.118343e+41	2.951479e-48	1.881271e-02	3.300766e-07	5.276593e-49	3.363298e-03	5.901040e-08	2.951479e-48	7.903719e-04	3.300766e-07	5.276593e-49	1.413010e-04	5.901040e-08	2.951479e-48	2.208293e-05	3.300766e-07	5.276593e-49	3.947940e-06	5.901040e-08	2.951479e-48	2.841918e-07	3.300766e-07	5.276593e-49	5.080722e-08	5.901040e-08	2.951479e-48	3.320391e-10	3.300766e-07	5.276593e-49	5.936127e-11	5.901040e-08	2.951479e-48	-7.661288e-12	3.300766e-07	5.276593e-49	-1.369669e-12	5.901040e-08	
70	2.679287e+42	1.180592e-49	1.962142e-02	3.163143e-07	2.006424e-50	3.334675e-03	5.375786e-08	1.180592e-49	8.019259e-04	3.163143e-07	2.006424e-50	1.362879e-04	5.375786e-08	1.180592e-49	2.179490e-05	3.163143e-07	2.006424e-50	3.704059e-06	5.375786e-08	1.180592e-49	2.729751e-07	3.163143e-07	2.006424e-50	4.639232e-08	5.375786e-08	1.180592e-49	3.046134e-10	3.163143e-07	2.006424e-50	5.176927e-11	5.375786e-08	1.180592e-49	-6.822674e-12	3.163143e-07	2.006424e-50	-1.159519e-12	5.375786e-08	
72	6.429737e+43	4.722366e-51	2.045162e-02	3.036357e-07	7.629429e-52	3.304153e-03	4.905522e-08	4.722366e-51	8.137224e-04	3.036357e-07	7.629429e-52	1.314645e-04	4.905522e-08	4.722366e-51	2.152864e-05	3.036357e-07	7.629429e-52	3.478155e-06	4.905522e-08	4.722366e-51	2.626152e-07	3.036357e-07	7.629429e-52	4.242796e-08	4.905522e-08	4.722366e-51	2.802681e-10	3.036357e-07	7.629429e-52	4.527996e-11	4.905522e-08	4.722366e-51	-6.098816e-12	3.036357e-07	7.629429e-52	-9.853213e-13	4.905522e-08	
74	1.545408e+45	1.888947e-52	2.130316e-02	2.919193e-07	2.901090e-53	3.271791e-03	4.483369e-08	1.888947e-52	8.257361e-04	2.919193e-07	2.901090e-53	1.268186e-04	4.483369e-08	1.888947e-52	2.128181e-05	2.919193e-07	2.901090e-53	3.268512e-06	4.483369e-08	1.888947e-52	2.530179e-07	2.919193e-07	2.901090e-53	3.885911e-08	4.483369e-08	1.888947e-52	2.585713e-10	2.919193e-07	2.901090e-53	3.971201e-11	4.483369e-08	1.888947e-52	-5.471046e-12	2.919193e-07	2.901090e-53	-8.402566e-13	4.483369e-08	
76	3.719812e+46	7.555786e-54	2.217588e-02	2.810610e-07	1.103140e-54	3.237662e-03	4.103472e-08	7.555786e-54	8.379451e-04	2.810610e-07	1.103140e-54	1.223394e-04	4.103472e-08	7.555786e-54	2.105238e-05	2.810610e-07	1.103140e-54	3.073632e-06	4.103472e-08	7.555786e-54	2.441024e-07	2.810610e-07	1.103140e-54	3.563878e-08	4.103472e-08	7.555786e-54	2.391627e-10	2.810610e-07	1.103140e-54	3.491759e-11	4.103472e-08	7.555786e-54	-4.924188e-12	2.810610e-07	1.103140e-54	-7.189280e-13	4.103472e-08	
78	8.965680e+47	3.022315e-55	2.306965e-02	2.709710e-07	4.194688e-56	3.201850e-03	3.760823e-08	3.022315e-55	8.503304e-04	2.709710e-07	4.194688e-56	1.180179e-04	3.760823e-08	3.022315e-55	2.083859e-05	2.709710e-07	4.194688e-56	2.892200e-06	3.760823e-08	3.022315e-55	2.357987e-07	2.709710e-07	4.194688e-56	3.272664e-08	3.760823e-08	3.022315e-55	2.217405e-10	2.709710e-07	4.194688e-56	3.077550e-11	3.760823e-08	3.022315e-55	-4.445823e-12	2.709710e-07	4.194688e-56	-6.170384e-13	3.760823e-08	
80	2.163669e+49	1.208926e-56	2.398436e-02	2.615715e-07	1.595030e-57	3.164444e-03	3.451117e-08	1.208926e-56	8.628751e-04	2.615715e-07	1.595030e-57	1.138458e-04	3.451117e-08	1.208926e-56	2.063891e-05	2.615715e-07	1.595030e-57	2.723053e-06	3.451117e-08	1.208926e-56	2.280460e-07	2.615715e-07	1.595030e-57	3.008789e-08	3.451117e-08	1.208926e-56	2.060500e-10	2.615715e-07	1.595030e-57	2.718579e-11	3.451117e-08	1.208926e-56	-4.025729e-12	2.615715e-07	1.595030e-57	-5.311459e-13	3.451117e-08	
82	5.227671e+50	4.835703e-58	2.491992e-02	2.527946e-07	6.065102e-59	3.125541e-03	3.170636e-08	4.835703e-58	8.755645e-04	2.527946e-07	6.065102e-59	1.098163e-04	3.170636e-08	4.835703e-58	2.045201e-05	2.527946e-07	6.065102e-59	2.565160e-06	3.170636e-08	4.835703e-58	2.207914e-07	2.527946e-07	6.065102e-59	2.769240e-08	3.170636e-08	4.835703e-58	1.918756e-10	2.527946e-07	6.065102e-59	2.406569e-11	3.170636e-08	4.835703e-58	-3.655443e-12	2.527946e-07	6.065102e-59	-4.584780e-13	3.170636e-08	
84	1.264455e+52	1.934281e-59	2.587623e-02	2.445812e-07	2.306255e-60	3.085239e-03	2.916157e-08	1.934281e-59	8.883858e-04	2.445812e-07	2.306255e-60	1.059228e-04	2.916157e-08	1.934281e-59	2.027671e-05	2.445812e-07	2.306255e-60	2.417604e-06	2.916157e-08	1.934281e-59	2.139883e-07	2.445812e-07	2.306255e-60	2.551396e-08	2.916157e-08	1.934281e-59	1.790335e-10	2.445812e-07	2.306255e-60	2.134628e-11	2.916157e-08	1.934281e-59	-3.327918e-12	2.445812e-07	2.306255e-60	-3.967897e-13	2.916157e-08	
86	3.061592e+53	7.737125e-61	2.685322e-02	2.368792e-07	8.769535e-62	3.043640e-03	2.684874e-08	7.737125e-61	9.013274e-04	2.368792e-07	8.769535e-62	1.021597e-04	2.684874e-08	7.737125e-61	2.011197e-05	2.368792e-07	8.769535e-62	2.279563e-06	2.684874e-08	7.737125e-61	2.075960e-07	2.368792e-07	8.769535e-62	2.352968e-08	2.684874e-08	7.737125e-61	1.673667e-10	2.368792e-07	8.769535e-62	1.896994e-11	2.684874e-08	7.737125e-61	-3.037259e-12	2.368792e-07	8.769535e-62	-3.442538e-13	2.684874e-08	
88	7.420157e+54	3.094850e-62	2.785081e-02	2.296427e-07	3.334616e-63	3.000848e-03	2.474337e-08	3.094850e-62	9.143792e-04	2.296427e-07	3.334616e-63	9.852184e-05	2.474337e-08	3.094850e-62	1.995688e-05	2.296427e-07	3.334616e-63	2.150298e-06	2.474337e-08	3.094850e-62	2.015783e-07	2.296427e-07	3.334616e-63	2.171951e-08	2.474337e-08	3.094850e-62	1.567399e-10	2.296427e-07	3.334616e-63	1.688829e-11	2.474337e-08	3.094850e-62	-2.778508e-12	2.296427e-07	3.334616e-63	-2.993766e-13	2.474337e-08	
90	1.800016e+56	1.237940e-63	2.886895e-02	2.228312e-07	1.267988e-64	2.956966e-03	2.282398e-08	1.237940e-63	9.275320e-04	2.228312e-07	1.267988e-64	9.500453e-05	2.282398e-08	1.237940e-63	1.981061e-05	2.228312e-07	1.267988e-64	2.029146e-06	2.282398e-08	1.237940e-63	1.959032e-07	2.228312e-07	1.267988e-64	2.006582e-08	2.282398e-08	1.237940e-63	1.470368e-10	2.228312e-07	1.267988e-64	1.506057e-11	2.282398e-08	1.237940e-63	-2.547479e-12	2.228312e-07	1.267988e-64	-2.609312e-13	2.282398e-08	
92	4.370334e+57	4.951760e-65	2.990757e-02	2.164085e-07	4.821523e-66	2.912097e-03	2.107167e-08	4.951760e-65	9.407778e-04	2.164085e-07	4.821523e-66	9.160342e-05	2.107167e-08	4.951760e-65	1.967244e-05	2.164085e-07	4.821523e-66	1.915504e-06	2.107167e-08	4.951760e-65	1.905423e-07	2.164085e-07	4.821523e-66	1.855308e-08	2.107167e-08	4.951760e-65	1.381563e-10	2.164085e-07	4.821523e-66	1.345227e-11	2.107167e-08	4.951760e-65	-2.340620e-12	2.164085e-07	4.821523e-66	-2.279059e-13	2.107167e-08	
94	1.061958e+59	1.980704e-66	3.096663e-02	2.103425e-07	1.833384e-67	2.866341e-03	1.946978e-08	1.980704e-66	9.541092e-04	2.103425e-07	1.833384e-67	8.831449e-05	1.946978e-08	1.980704e-66	1.954173e-05	2.103425e-07	1.833384e-67	1.808826e-06	1.946978e-08	1.980704e-66	1.854701e-07	2.103425e-07	1.833384e-67	1.716753e-08	1.946978e-08	1.980704e-66	1.300108e-10	2.103425e-07	1.833384e-67	1.203410e-11	1.946978e-08	1.980704e-66	-2.154906e-12	2.103425e-07	1.833384e-67	-1.994629e-13	1.946978e-08	
96	2.582474e+60	7.922816e-68	3.204608e-02	2.046047e-07	6.971443e-69	2.819799e-03	1.800357e-08	7.922816e-68	9.675197e-04	2.046047e-07	6.971443e-69	8.513398e-05	1.800357e-08	7.922816e-68	1.941789e-05	2.046047e-07	6.971443e-69	1.708618e-06	1.800357e-08	7.922816e-68	1.806638e-07	2.046047e-07	6.971443e-69	1.589697e-08	1.800357e-08	7.922816e-68	1.225238e-10	2.046047e-07	6.971443e-69	1.078111e-11	1.800357e-08	7.922816e-68	-1.987749e-12	2.046047e-07	6.971443e-69	-1.749060e-13	1.800357e-08	
98	6.284670e+61	3.169127e-69	3.314589e-02	1.991692e-07	2.650891e-70	2.772567e-03	1.665998e-08	3.169127e-69	9.810035e-04	1.991692e-07	2.650891e-70	8.205837e-05	1.665998e-08	3.169127e-69	1.930039e-05	1.991692e-07	2.650891e-70	1.614427e-06	1.665998e-08	3.169127e-69	1.761032e-07	1.991692e-07	2.650891e-70	1.473057e-08	1.665998e-08	3.169127e-69	1.156281e-10	1.991692e-07	2.650891e-70	9.671985e-12	1.665998e-08	3.169127e-69	-1.836930e-12	1.991692e-07	2.650891e-70	-1.536544e-13	1.665998e-08	
100	1.530492e+63	1.267651e-70	3.426600e-02	1.940129e-07	1.008001e-71	2.724739e-03	1.542738e-08	1.267651e-70	9.945552e-04	1.940129e-07	1.008001e-71	7.908433e-05	1.542738e-08	1.267651e-70	1.918876e-05	1.940129e-07	1.008001e-71	1.525838e-06	1.542738e-08	1.267651e-70	1.717697e-07	1.940129e-07	1.008001e-71	1.365866e-08	1.542738e-08	1.267651e-70	1.092649e-10	1.940129e-07	1.008001e-71	8.688450e-12	1.542738e-08	1.267651e-70	-1.700534e-12	1.940129e-07	1.008001e-71	-1.352219e-13	1.542738e-08	
102	3.729635e+64	5.070602e-72	3.540639e-02	1.891150e-07	3.832925e-73	2.676409e-03	1.429541e-08	5.070602e-72	1.008170e-03	1.891150e-07	3.832925e-73	7.620870e-05	1.429541e-08	5.070602e-72	1.908258e-05	1.891150e-07	3.832925e-73	1.442473e-06	1.429541e-08	5.070602e-72	1.676468e-07	1.891150e-07	3.832925e-73	1.267261e-08	1.429541e-08	5.070602e-72	1.033825e-10	1.891150e-07	3.832925e-73	7.814797e-12	1.429541e-08	5.070602e-72	-1.576909e-12	1.891150e-07	3.832925e-73	-1.192003e-13	1.429541e-08	
104	9.094413e+65	2.028241e-73	3.656703e-02	1.844566e-07	1.457470e-74	2.627664e-03	1.325483e-08	2.028241e-73	1.021843e-03	1.844566e-07	1.457470e-74	7.342845e-05	1.325483e-08	2.028241e-73	1.898146e-05	1.844566e-07	1.457470e-74	1.363985e-06	1.325483e-08	2.028241e-73	1.637194e-07	1.844566e-07	1.457470e-74	1.176468e-08	1.325483e-08	2.028241e-73	9.793494e-11	1.844566e-07	1.457470e-74	7.037488e-12	1.325483e-08	2.028241e-73	-1.464621e-12	1.844566e-07	1.457470e-74	-1.052459e-13	1.325483e-08	
106	2.218928e+67	8.112964e-75	3.774789e-02	1.800208e-07	5.542029e-76	2.578588e-03	1.229736e-08	8.112964e-75	1.035571e-03	1.800208e-07	5.542029e-76	7.074070e-05	1.229736e-08	8.112964e-75	1.888504e-05	1.800208e-07	5.542029e-76	1.290052e-06	1.229736e-08	8.112964e-75	1.599739e-07	1.800208e-07	5.542029e-76	1.092795e-08	1.229736e-08	8.112964e-75	9.288178e-11	1.800208e-07	5.542029e-76	6.344827e-12	1.229736e-08	8.112964e-75	-1.362423e-12	1.800208e-07	5.542029e-76	-9.306818e-14	1.229736e-08	
108	5.417010e+68	3.245186e-76	3.894895e-02	1.757920e-07	2.107357e-77	2.529264e-03	1.141557e-08	3.245186e-76	1.049351e-03	1.757920e-07	2.107357e-77	6.814267e-05	1.141557e-08	3.245186e-76	1.879302e-05	1.757920e-07	2.107357e-77	1.220380e-06	1.141557e-08	3.245186e-76	1.563980e-07	1.757920e-07	2.107357e-77	1.015617e-08	1.141557e-08	3.245186e-76	8.818695e-11	1.757920e-07	2.107357e-77	5.726679e-12	1.141557e-08	3.245186e-76	-1.269227e-12	1.757920e-07	2.107357e-77	-8.242099e-14	1.141557e-08	
110	1.323162e+70	1.298074e-77	4.017017e-02	1.717562e-07	8.013223e-79	2.479770e-03	1.060279e-08	1.298074e-77	1.063178e-03	1.717562e-07	8.013223e-79	6.563168e-05	1.060279e-08	1.298074e-77	1.870509e-05	1.717562e-07	8.013223e-79	1.154696e-06	1.060279e-08	1.298074e-77	1.529804e-07	1.717562e-07	8.013223e-79	9.443727e-09	1.060279e-08	1.298074e-77	8.381838e-11	1.717562e-07	8.013223e-79	5.174245e-12	1.060279e-08	1.298074e-77	-1.184081e-12	1.717562e-07	8.013223e-79	-7.309527e-14	1.060279e-08	
112	3.233645e+71	5.192297e-79	4.141155e-02	1.679005e-07	3.047028e-80	2.430180e-03	9.853009e-09	5.192297e-79	1.077049e-03	1.679005e-07	3.047028e-80	6.320515e-05	9.853009e-09	5.192297e-79	1.862100e-05	1.679005e-07	3.047028e-80	1.092748e-06	9.853009e-09	5.192297e-79	1.497106e-07	1.679005e-07	3.047028e-80	8.785563e-09	9.853009e-09	5.192297e-79	7.974744e-11	1.679005e-07	3.047028e-80	4.679869e-12	9.853009e-09	5.192297e-79	-1.106151e-12	1.679005e-07	3.047028e-80	-6.491295e-14	9.853009e-09	
114	7.906575e+72	2.076919e-80	4.267305e-02	1.642131e-07	1.158632e-81	2.380564e-03	9.160815e-09	2.076919e-80	1.090963e-03	1.642131e-07	1.158632e-81	6.086057e-05	9.160815e-09	2.076919e-80	1.854049e-05	1.642131e-07	1.158632e-81	1.034302e-06	9.160815e-09	2.076919e-80	1.465794e-07	1.642131e-07	1.158632e-81	8.177097e-09	9.160815e-09	2.076919e-80	7.594852e-11	1.642131e-07	1.158632e-81	4.236874e-12	9.160815e-09	2.076919e-80	-1.034702e-12	1.642131e-07	1.158632e-81	-5.772199e-14	9.160815e-09	
116	1.934157e+74	8.307675e-82	4.395467e-02	1.606834e-07	4.405700e-83	2.330990e-03	8.521314e-09	8.307675e-82	1.104915e-03	1.606834e-07	4.405700e-83	5.859552e-05	8.521314e-09	8.307675e-82	1.846335e-05	1.606834e-07	4.405700e-83	9.791423e-07	8.521314e-09	8.307675e-82	1.435780e-07	1.606834e-07	4.405700e-83	7.614184e-09	8.521314e-09	8.307675e-82	7.239865e-11	1.606834e-07	4.405700e-83	3.839422e-12	8.521314e-09	8.307675e-82	-9.690857e-13	1.606834e-07	4.405700e-83	-5.139224e-14	8.521314e-09	
118	4.733621e+75	3.323070e-83	4.525637e-02	1.573016e-07	1.675267e-84	2.281521e-03	7.930082e-09	3.323070e-83	1.118905e-03	1.573016e-07	1.675267e-84	5.640764e-05	7.930082e-09	3.323070e-83	1.838936e-05	1.573016e-07	1.675267e-84	9.270673e-07	7.930082e-09	3.323070e-83	1.406985e-07	1.573016e-07	1.675267e-84	7.093070e-09	7.930082e-09	3.323070e-83	6.907719e-11	1.573016e-07	1.675267e-84	3.482405e-12	7.930082e-09	3.323070e-83	-9.087307e-13	1.573016e-07	1.675267e-84	-4.581206e-14	7.930082e-09	
120	1.159007e+77	1.329228e-84	4.657816e-02	1.540584e-07	6.370204e-86	2.232216e-03	7.383109e-09	1.329228e-84	1.132930e-03	1.540584e-07	6.370204e-86	5.429462e-05	7.383109e-09	1.329228e-84	1.831834e-05	1.540584e-07	6.370204e-86	8.778899e-07	7.383109e-09	1.329228e-84	1.379337e-07	1.540584e-07	6.370204e-86	6.610346e-09	7.383109e-09	1.329228e-84	6.596555e-11	1.540584e-07	6.370204e-86	3.161339e-12	7.383109e-09	1.329228e-84	-8.531297e-13	1.540584e-07	6.370204e-86	-4.088546e-14	7.383109e-09	
122	2.838972e+78	5.316912e-86	4.792001e-02	1.509457e-07	2.422270e-87	2.183132e-03	6.876758e-09	5.316912e-86	1.146987e-03	1.509457e-07	2.422270e-87	5.225425e-05	6.876758e-09	5.316912e-86	1.825012e-05	1.509457e-07	2.422270e-87	8.314360e-07	6.876758e-09	5.316912e-86	1.352767e-07	1.509457e-07	2.422270e-87	6.162913e-09	6.876758e-09	5.316912e-86	6.304699e-11	1.509457e-07	2.422270e-87	2.872284e-12	6.876758e-09	5.316912e-86	-8.018323e-13	1.509457e-07	2.422270e-87	-3.652975e-14	6.876758e-09	
124	6.956842e+79	2.126765e-87	4.928191e-02	1.479557e-07	9.210682e-89	2.134322e-03	6.407726e-09	2.126765e-87	1.161075e-03	1.479557e-07	9.210682e-89	5.028433e-05	6.407726e-09	2.126765e-87	1.818453e-05	1.479557e-07	9.210682e-89	7.875433e-07	6.407726e-09	2.126765e-87	1.327213e-07	1.479557e-07	9.210682e-89	5.747951e-09	6.407726e-09	2.126765e-87	6.030633e-11	1.479557e-07	9.210682e-89	2.611772e-12	6.407726e-09	2.126765e-87	-7.544379e-13	1.479557e-07	9.210682e-89	-3.267351e-14	6.407726e-09	
126	1.705423e+81	8.507059e-89	5.066385e-02	1.450813e-07	3.502362e-90	2.085834e-03	5.973007e-09	8.507059e-89	1.175193e-03	1.450813e-07	3.502362e-90	4.838276e-05	5.973007e-09	8.507059e-89	1.812143e-05	1.450813e-07	3.502362e-90	7.460604e-07	5.973007e-09	8.507059e-89	1.302619e-07	1.450813e-07	3.502362e-90	5.362890e-09	5.973007e-09	8.507059e-89	5.772985e-11	1.450813e-07	3.502362e-90	2.376742e-12	5.973007e-09	8.507059e-89	-7.105892e-13	1.450813e-07	3.502362e-90	-2.925500e-14	5.973007e-09	
128	4.182293e+82	3.402824e-90	5.206582e-02	1.423160e-07	1.331773e-91	2.037715e-03	5.569865e-09	3.402824e-90	1.189338e-03	1.423160e-07	1.331773e-91	4.654746e-05	5.569865e-09	3.402824e-90	1.806067e-05	1.423160e-07	1.331773e-91	7.068458e-07	5.569865e-09	3.402824e-90	1.278930e-07	1.423160e-07	1.331773e-91	5.005386e-09	5.569865e-09	3.402824e-90	5.530512e-11	1.423160e-07	1.331773e-91	2.164493e-12	5.569865e-09	3.402824e-90	-6.699669e-13	1.423160e-07	1.331773e-91	-2.622069e-14	5.569865e-09	
130	1.026014e+84	1.361129e-91	5.348780e-02	1.396538e-07	5.064067e-93	1.990008e-03	5.195805e-09	1.361129e-91	1.203509e-03	1.396538e-07	5.064067e-93	4.477641e-05	5.195805e-09	1.361129e-91	1.800213e-05	1.396538e-07	5.064067e-93	6.697673e-07	5.195805e-09	1.361129e-91	1.256098e-07	1.396538e-07	5.064067e-93	4.673298e-09	5.195805e-09	1.361129e-91	5.302080e-11	1.396538e-07	5.064067e-93	1.972633e-12	5.195805e-09	1.361129e-91	-6.322854e-13	1.396538e-07	5.064067e-93	-2.352411e-14	5.195805e-09	
132	2.517927e+85	5.444518e-93	5.492979e-02	1.370890e-07	1.925612e-94	1.942751e-03	4.848549e-09	5.444518e-93	1.217705e-03	1.370890e-07	1.925612e-94	4.306765e-05	4.848549e-09	5.444518e-93	1.794569e-05	1.370890e-07	1.925612e-94	6.347014e-07	4.848549e-09	5.444518e-93	1.234076e-07	1.370890e-07	1.925612e-94	4.364668e-09	4.848549e-09	5.444518e-93	5.086661e-11	1.370890e-07	1.925612e-94	1.799045e-12	4.848549e-09	5.444518e-93	-5.972883e-13	1.370890e-07	1.925612e-94	-2.112483e-14	4.848549e-09	
134	6.181276e+86	2.177807e-94	5.639178e-02	1.346163e-07	7.322138e-96	1.895982e-03	4.526016e-09	2.177807e-94	1.231924e-03	1.346163e-07	7.322138e-96	4.141926e-05	4.526016e-09	2.177807e-94	1.789124e-05	1.346163e-07	7.322138e-96	6.015323e-07	4.526016e-09	2.177807e-94	1.212823e-07	1.346163e-07	7.322138e-96	4.077705e-09	4.526016e-09	2.177807e-94	4.883316e-11	1.346163e-07	7.322138e-96	1.641849e-12	4.526016e-09	2.177807e-94	-5.647452e-13	1.346163e-07	7.322138e-96	-1.898764e-14	4.526016e-09	
136	1.517936e+88	8.711229e-96	5.787375e-02	1.322309e-07	2.784243e-97	1.849734e-03	4.226303e-09	8.711229e-96	1.246165e-03	1.322309e-07	2.784243e-97	3.982937e-05	4.226303e-09	8.711229e-96	1.783868e-05	1.322309e-07	2.784243e-97	5.701516e-07	4.226303e-09	8.711229e-96	1.192297e-07	1.322309e-07	2.784243e-97	3.810767e-09	4.226303e-09	8.711229e-96	4.691186e-11	1.322309e-07	2.784243e-97	1.499375e-12	4.226303e-09	8.711229e-96	-5.344490e-13	1.322309e-07	2.784243e-97	-1.708181e-14	4.226303e-09	
138	3.728759e+89	3.484491e-97	5.937570e-02	1.299283e-07	1.058708e-98	1.804038e-03	3.947668e-09	3.484491e-97	1.260428e-03	1.299283e-07	1.058708e-98	3.829615e-05	3.947668e-09	3.484491e-97	1.778790e-05	1.299283e-07	1.058708e-98	5.404577e-07	3.947668e-09	3.484491e-97	1.172464e-07	1.299283e-07	1.058708e-98	3.562348e-09	3.947668e-09	3.484491e-97	4.509489e-11	1.299283e-07	1.058708e-98	1.370138e-12	3.947668e-09	3.484491e-97	-5.062127e-13	1.299283e-07	1.058708e-98	-1.538048e-14	3.947668e-09	
140	9.162328e+90	1.393797e-98	6.089763e-02	1.277042e-07	4.025739e-100	1.758922e-03	3.688514e-09	1.393797e-98	1.274711e-03	1.277042e-07	4.025739e-100	3.681781e-05	3.688514e-09	1.393797e-98	1.773883e-05	1.277042e-07	4.025739e-100	5.123552e-07	3.688514e-09	1.393797e-98	1.153287e-07	1.277042e-07	4.025739e-100	3.331068e-09	3.688514e-09	1.393797e-98	4.337505e-11	1.277042e-07	4.025739e-100	1.252813e-12	3.688514e-09	1.393797e-98	-4.798675e-13	1.277042e-07	4.025739e-100	-1.386014e-14	3.688514e-09	
142	2.252028e+92	5.575186e-100	6.243952e-02	1.255548e-07	1.530787e-101	1.714411e-03	3.447376e-09	5.575186e-100	1.289013e-03	1.255548e-07	1.530787e-101	3.539262e-05	3.447376e-09	5.575186e-100	1.769137e-05	1.255548e-07	1.530787e-101	4.857546e-07	3.447376e-09	5.575186e-100	1.134735e-07	1.255548e-07	1.530787e-101	3.115658e-09	3.447376e-09	5.575186e-100	4.174578e-11	1.255548e-07	1.530787e-101	1.146220e-12	3.447376e-09	5.575186e-100	-4.552608e-13	1.255548e-07	1.530787e-101	-1.250016e-14	3.447376e-09	
144	5.536866e+93	2.230075e-101	6.400137e-02	1.234762e-07	5.820818e-103	1.670529e-03	3.222909e-09	2.230075e-101	1.303333e-03	1.234762e-07	5.820818e-103	3.401888e-05	3.222909e-09	2.230075e-101	1.764545e-05	1.234762e-07	5.820818e-103	4.605719e-07	3.222909e-09	2.230075e-101	1.116777e-07	1.234762e-07	5.820818e-103	2.914950e-09	3.222909e-09	2.230075e-101	4.020101e-11	1.234762e-07	5.820818e-103	1.049305e-12	3.222909e-09	2.230075e-101	-4.322543e-13	1.234762e-07	5.820818e-103	-1.128247e-14	3.222909e-09	
146	1.361672e+95	8.920298e-103	6.558317e-02	1.214652e-07	2.213366e-104	1.627295e-03	3.013879e-09	8.920298e-103	1.317670e-03	1.214652e-07	2.213366e-104	3.269495e-05	3.013879e-09	8.920298e-103	1.760100e-05	1.214652e-07	2.213366e-104	4.367282e-07	3.013879e-09	8.920298e-103	1.099385e-07	1.214652e-07	2.213366e-104	2.727871e-09	3.013879e-09	8.920298e-103	3.873520e-11	1.214652e-07	2.213366e-104	9.611246e-13	3.013879e-09	8.920298e-103	-4.107226e-13	1.214652e-07	2.213366e-104	-1.019113e-14	3.013879e-09	
148	3.349620e+96	3.568119e-104	6.718492e-02	1.195184e-07	8.416325e-106	1.584729e-03	2.819149e-09	3.568119e-104	1.332024e-03	1.195184e-07	8.416325e-106	3.141921e-05	2.819149e-09	3.568119e-104	1.755794e-05	1.195184e-07	8.416325e-106	4.141491e-07	2.819149e-09	3.568119e-104	1.082533e-07	1.195184e-07	8.416325e-106	2.553433e-09	2.819149e-09	3.568119e-104	3.734322e-11	1.195184e-07	8.416325e-106	8.808356e-13	2.819149e-09	3.568119e-104	-3.905515e-13	1.195184e-07	8.416325e-106	-9.212159e-15	2.819149e-09	
150	8.241941e+97	1.427248e-105	6.880661e-02	1.176329e-07	3.200307e-107	1.542846e-03	2.637674e-09	1.427248e-105	1.346394e-03	1.176329e-07	3.200307e-107	3.019010e-05	2.637674e-09	1.427248e-105	1.751622e-05	1.176329e-07	3.200307e-107	3.927649e-07	2.637674e-09	1.427248e-105	1.066196e-07	1.176329e-07	3.200307e-107	2.390725e-09	2.637674e-09	1.427248e-105	3.602035e-11	1.176329e-07	3.200307e-107	8.076817e-13	2.637674e-09	1.427248e-105	-3.716374e-13	1.176329e-07	3.200307e-107	-8.333199e-15	2.637674e-09	
152	2.028481e+99	5.708991e-107	7.044824e-02	1.158058e-07	1.216917e-108	1.501660e-03	2.468493e-09	5.708991e-107	1.360779e-03	1.158058e-07	1.216917e-108	2.900609e-05	2.468493e-09	5.708991e-107	1.747576e-05	1.158058e-07	1.216917e-108	3.725098e-07	2.468493e-09	5.708991e-107	1.050351e-07	1.158058e-07	1.216917e-108	2.238907e-09	2.468493e-09	5.708991e-107	3.476224e-11	1.158058e-07	1.216917e-108	7.409849e-13	2.468493e-09	5.708991e-107	-3.538858e-13	1.158058e-07	1.216917e-108	-7.543358e-15	2.468493e-09	
154	4.993632e+100	2.283596e-108	7.210980e-02	1.140344e-07	4.627327e-110	1.461185e-03	2.310716e-09	2.283596e-108	1.375178e-03	1.140344e-07	4.627327e-110	2.786569e-05	2.310716e-09	2.283596e-108	1.743652e-05	1.140344e-07	4.627327e-110	3.533219e-07	2.310716e-09	2.283596e-108	1.034975e-07	1.140344e-07	4.627327e-110	2.097204e-09	2.310716e-09	2.283596e-108	3.356487e-11	1.140344e-07	4.627327e-110	6.801360e-13	2.310716e-09	2.283596e-108	-3.372105e-13	1.140344e-07	4.627327e-110	-6.833008e-15	2.310716e-09	
156	1.229598e+102	9.134385e-110	7.379128e-02	1.123162e-07	1.759541e-111	1.421429e-03	2.163528e-09	9.134385e-110	1.389591e-03	1.123162e-07	1.759541e-111	2.676746e-05	2.163528e-09	9.134385e-110	1.739844e-05	1.123162e-07	1.759541e-111	3.351431e-07	2.163528e-09	9.134385e-110	1.020048e-07	1.123162e-07	1.759541e-111	1.964901e-09	2.163528e-09	9.134385e-110	3.242451e-11	1.123162e-07	1.759541e-111	6.245877e-13	2.163528e-09	9.134385e-110	-3.215327e-13	1.123162e-07	1.759541e-111	-6.193630e-15	2.163528e-09	
158	3.028363e+103	3.653754e-111	7.549268e-02	1.106489e-07	6.690654e-113	1.382401e-03	2.026173e-09	3.653754e-111	1.404017e-03	1.106489e-07	6.690654e-113	2.570998e-05	2.026173e-09	3.653754e-111	1.736147e-05	1.106489e-07	6.690654e-113	3.179184e-07	2.026173e-09	3.653754e-111	1.005550e-07	1.106489e-07	6.690654e-113	1.841336e-09	2.026173e-09	3.653754e-111	3.133771e-11	1.106489e-07	6.690654e-113	5.738476e-13	2.026173e-09	3.653754e-111	-3.067805e-13	1.106489e-07	6.690654e-113	-5.617680e-15	2.026173e-09	
160	7.460157e+104	1.461502e-112	7.721401e-02	1.090303e-07	2.544121e-114	1.344109e-03	1.897954e-09	1.461502e-112	1.418456e-03	1.090303e-07	2.544121e-114	2.469190e-05	1.897954e-09	1.461502e-112	1.732556e-05	1.090303e-07	2.544121e-114	3.015961e-07	1.897954e-09	1.461502e-112	9.914638e-08	1.090303e-07	2.544121e-114	1.725899e-09	1.897954e-09	1.461502e-112	3.030129e-11	1.090303e-07	2.544121e-114	5.274723e-13	1.897954e-09	1.461502e-112	-2.928878e-13	1.090303e-07	2.544121e-114	-5.098468e-15	1.897954e-09	
162	1.838148e+106	5.846007e-114	7.895524e-02	1.074582e-07	9.674021e-116	1.306558e-03	1.778228e-09	5.846007e-114	1.432907e-03	1.074582e-07	9.674021e-116	2.371187e-05	1.778228e-09	5.846007e-114	1.729066e-05	1.074582e-07	9.674021e-116	2.861274e-07	1.778228e-09	5.846007e-114	9.777710e-08	1.074582e-07	9.674021e-116	1.618024e-09	1.778228e-09	5.846007e-114	2.931228e-11	1.074582e-07	9.674021e-116	4.850621e-13	1.778228e-09	5.846007e-114	-2.797941e-13	1.074582e-07	9.674021e-116	-4.630057e-15	1.778228e-09	
164	4.530048e+107	2.338403e-115	8.071639e-02	1.059308e-07	3.678547e-117	1.269751e-03	1.666399e-09	2.338403e-115	1.447370e-03	1.059308e-07	3.678547e-117	2.276860e-05	1.666399e-09	2.338403e-115	1.725675e-05	1.059308e-07	3.678547e-117	2.714663e-07	1.666399e-09	2.338403e-115	9.644556e-08	1.059308e-07	3.678547e-117	1.517187e-09	1.666399e-09	2.338403e-115	2.836791e-11	1.059308e-07	3.678547e-117	4.462563e-13	1.666399e-09	2.338403e-115	-2.674441e-13	1.059308e-07	3.678547e-117	-4.207169e-15	1.666399e-09	
166	1.116638e+109	9.353610e-117	8.249745e-02	1.044460e-07	1.398767e-118	1.233692e-03	1.561917e-09	9.353610e-117	1.461843e-03	1.044460e-07	1.398767e-118	2.186085e-05	1.561917e-09	9.353610e-117	1.722376e-05	1.044460e-07	1.398767e-118	2.575694e-07	1.561917e-09	9.353610e-117	9.515021e-08	1.044460e-07	1.398767e-118	1.422905e-09	1.561917e-09	9.353610e-117	2.746564e-11	1.044460e-07	1.398767e-118	4.107296e-13	1.561917e-09	9.353610e-117	-2.557866e-13	1.044460e-07	1.398767e-118	-3.825111e-15	1.561917e-09	
168	2.753005e+110	3.741444e-118	8.429840e-02	1.030022e-07	5.318813e-120	1.198381e-03	1.464272e-09	3.741444e-118	1.476327e-03	1.030022e-07	5.318813e-120	2.098737e-05	1.464272e-09	3.741444e-118	1.719168e-05	1.030022e-07	5.318813e-120	2.443957e-07	1.464272e-09	3.741444e-118	9.388958e-08	1.030022e-07	5.318813e-120	1.334728e-09	1.464272e-09	3.741444e-118	2.660308e-11	1.030022e-07	5.318813e-120	3.781876e-13	1.464272e-09	3.741444e-118	-2.447748e-13	1.030022e-07	5.318813e-120	-3.479703e-15	1.464272e-09	
170	6.788664e+111	1.496578e-119	8.611926e-02	1.015976e-07	2.022479e-121	1.163818e-03	1.372993e-09	1.496578e-119	1.490822e-03	1.015976e-07	2.022479e-121	2.014700e-05	1.372993e-09	1.496578e-119	1.716045e-05	1.015976e-07	2.022479e-121	2.319067e-07	1.372993e-09	1.496578e-119	9.266231e-08	1.015976e-07	2.022479e-121	1.252241e-09	1.372993e-09	1.496578e-119	2.577800e-11	1.015976e-07	2.022479e-121	3.483645e-13	1.372993e-09	1.496578e-119	-2.343655e-13	1.015976e-07	2.022479e-121	-3.167221e-15	1.372993e-09	
172	1.674334e+113	5.986311e-121	8.796002e-02	1.002308e-07	7.690475e-123	1.130002e-03	1.287642e-09	5.986311e-121	1.505326e-03	1.002308e-07	7.690475e-123	1.933858e-05	1.287642e-09	5.986311e-121	1.713005e-05	1.002308e-07	7.690475e-123	2.200657e-07	1.287642e-09	5.986311e-121	9.146706e-08	1.002308e-07	7.690475e-123	1.175056e-09	1.287642e-09	5.986311e-121	2.498834e-11	1.002308e-07	7.690475e-123	3.210194e-13	1.287642e-09	5.986311e-121	-2.245188e-13	1.002308e-07	7.690475e-123	-2.884341e-15	1.287642e-09	
174	4.130265e+114	2.394524e-122	8.982067e-02	9.890020e-08	2.924303e-124	1.096931e-03	1.207815e-09	2.394524e-122	1.519840e-03	9.890020e-08	2.924303e-124	1.856098e-05	1.207815e-09	2.394524e-122	1.710044e-05	9.890020e-08	2.924303e-124	2.088384e-07	1.207815e-09	2.394524e-122	9.030260e-08	9.890020e-08	2.924303e-124	1.102817e-09	1.207815e-09	2.394524e-122	2.423216e-11	9.890020e-08	2.924303e-124	2.959342e-13	1.207815e-09	2.394524e-122	-2.151980e-13	9.890020e-08	2.924303e-124	-2.628097e-15	1.207815e-09	
176	1.019037e+116	9.578097e-124	9.170121e-02	9.760438e-08	1.111966e-125	1.064602e-03	1.133135e-09	9.578097e-124	1.534363e-03	9.760438e-08	1.111966e-125	1.781314e-05	1.133135e-09	9.578097e-124	1.707160e-05	9.760438e-08	1.111966e-125	1.981922e-07	1.133135e-09	9.578097e-124	8.916775e-08	9.760438e-08	1.111966e-125	1.035190e-09	1.133135e-09	9.578097e-124	2.350766e-11	9.760438e-08	1.111966e-125	2.729114e-13	1.133135e-09	9.578097e-124	-2.063692e-13	9.760438e-08	1.111966e-125	-2.395837e-15	1.133135e-09	
178	2.514644e+117	3.831239e-125	9.360164e-02	9.634201e-08	4.228252e-127	1.033011e-03	1.063255e-09	3.831239e-125	1.548895e-03	9.634201e-08	4.228252e-127	1.709399e-05	1.063255e-09	3.831239e-125	1.704349e-05	9.634201e-08	4.228252e-127	1.880962e-07	1.063255e-09	3.831239e-125	8.806138e-08	9.634201e-08	4.228252e-127	9.718676e-10	1.063255e-09	3.831239e-125	2.281315e-11	9.634201e-08	4.228252e-127	2.517716e-13	1.063255e-09	3.831239e-125	-1.980009e-13	9.634201e-08	4.228252e-127	-2.185188e-15	1.063255e-09	
180	6.206336e+118	1.532496e-126	9.552196e-02	9.511182e-08	1.607793e-128	1.002153e-03	9.978501e-10	1.532496e-126	1.563435e-03	9.511182e-08	1.607793e-128	1.640252e-05	9.978501e-10	1.532496e-126	1.701608e-05	9.511182e-08	1.607793e-128	1.785215e-07	9.978501e-10	1.532496e-126	8.698244e-08	9.511182e-08	1.607793e-128	9.125621e-10	9.978501e-10	1.532496e-126	2.214705e-11	9.511182e-08	1.607793e-128	2.323522e-13	9.978501e-10	1.532496e-126	-1.900641e-13	9.511182e-08	1.607793e-128	-1.994027e-15	9.978501e-10	
182	1.532021e+120	6.129982e-128	9.746216e-02	9.391259e-08	6.113632e-130	9.720220e-04	9.366210e-10	6.129982e-128	1.577983e-03	9.391259e-08	6.113632e-130	1.573774e-05	9.366210e-10	6.129982e-128	1.698936e-05	9.391259e-08	6.113632e-130	1.694404e-07	9.366210e-10	6.129982e-128	8.592991e-08	9.391259e-08	6.113632e-130	8.570071e-10	9.366210e-10	6.129982e-128	2.150789e-11	9.391259e-08	6.113632e-130	2.145052e-13	9.366210e-10	6.129982e-128	-1.825320e-13	9.391259e-08	6.113632e-130	-1.820451e-15	9.366210e-10	
184	3.782359e+121	2.451993e-129	9.942224e-02	9.274317e-08	2.324708e-131	9.426118e-04	8.792881e-10	2.451993e-129	1.592539e-03	9.274317e-08	2.324708e-131	1.509869e-05	8.792881e-10	2.451993e-129	1.696329e-05	9.274317e-08	2.324708e-131	1.608272e-07	8.792881e-10	2.451993e-129	8.490283e-08	9.274317e-08	2.324708e-131	8.049547e-10	8.792881e-10	2.451993e-129	2.089428e-11	9.274317e-08	2.324708e-131	1.980964e-13	8.792881e-10	2.451993e-129	-1.753795e-13	9.274317e-08	2.324708e-131	-1.662755e-15	8.792881e-10	
186	9.339593e+122	9.807971e-131	1.014022e-01	9.160246e-08	8.839704e-133	9.139153e-04	8.255924e-10	9.807971e-131	1.607102e-03	9.160246e-08	8.839704e-133	1.448445e-05	8.255924e-10	9.807971e-131	1.693786e-05	9.160246e-08	8.839704e-133	1.526571e-07	8.255924e-10	9.807971e-131	8.390027e-08	9.160246e-08	8.839704e-133	7.561743e-10	8.255924e-10	9.807971e-131	2.030491e-11	9.160246e-08	8.839704e-133	1.830036e-13	8.255924e-10	9.807971e-131	-1.685836e-13	9.160246e-08	8.839704e-133	-1.519406e-15	8.255924e-10	
188	2.306528e+124	3.923189e-132	1.034021e-01	9.048943e-08	3.361297e-134	8.859249e-04	7.752925e-10	3.923189e-132	1.621673e-03	9.048943e-08	3.361297e-134	1.389412e-05	7.752925e-10	3.923189e-132	1.691303e-05	9.048943e-08	3.361297e-134	1.449069e-07	7.752925e-10	3.923189e-132	8.292138e-08	9.048943e-08	3.361297e-134	7.104512e-10	7.752925e-10	3.923189e-132	1.973858e-11	9.048943e-08	3.361297e-134	1.691156e-13	7.752925e-10	3.923189e-132	-1.621227e-13	9.048943e-08	3.361297e-134	-1.389030e-15	7.752925e-10	
190	5.697092e+125	1.569275e-133	1.054218e-01	8.940307e-08	1.278133e-135	8.586324e-04	7.281643e-10	1.569275e-133	1.636251e-03	8.940307e-08	1.278133e-135	1.332683e-05	7.281643e-10	1.569275e-133	1.688879e-05	8.940307e-08	1.278133e-135	1.375547e-07	7.281643e-10	1.569275e-133	8.196531e-08	8.940307e-08	1.278133e-135	6.675858e-10	7.281643e-10	1.569275e-133	1.919413e-11	8.940307e-08	1.278133e-135	1.563311e-13	7.281643e-10	1.569275e-133	-1.559768e-13	8.940307e-08	1.278133e-135	-1.270390e-15	7.281643e-10	
192	1.407376e+127	6.277102e-135	1.074614e-01	8.834244e-08	4.860102e-137	8.320292e-04	6.839992e-10	6.277102e-135	1.650835e-03	8.834244e-08	4.860102e-137	1.278174e-05	6.839992e-10	6.277102e-135	1.686512e-05	8.834244e-08	4.860102e-137	1.305797e-07	6.839992e-10	6.277102e-135	8.103128e-08	8.834244e-08	4.860102e-137	6.273919e-10	6.839992e-10	6.277102e-135	1.867050e-11	8.834244e-08	4.860102e-137	1.445580e-13	6.839992e-10	6.277102e-135	-1.501275e-13	8.834244e-08	4.860102e-137	-1.162375e-15	6.839992e-10	
194	3.477188e+128	2.510841e-136	1.095208e-01	8.730664e-08	1.848054e-138	8.061061e-04	6.426030e-10	2.510841e-136	1.665427e-03	8.730664e-08	1.848054e-138	1.225804e-05	6.426030e-10	2.510841e-136	1.684199e-05	8.730664e-08	1.848054e-138	1.239621e-07	6.426030e-10	2.510841e-136	8.011852e-08	8.730664e-08	1.848054e-138	5.896963e-10	6.426030e-10	2.510841e-136	1.816665e-11	8.730664e-08	1.848054e-138	1.337120e-13	6.426030e-10	2.510841e-136	-1.445573e-13	8.730664e-08	1.848054e-138	-1.063985e-15	6.426030e-10	
196	8.592223e+129	1.004336e-137	1.116002e-01	8.629481e-08	7.027224e-140	7.808535e-04	6.037948e-10	1.004336e-137	1.680024e-03	8.629481e-08	7.027224e-140	1.175493e-05	6.037948e-10	1.004336e-137	1.681940e-05	8.629481e-08	7.027224e-140	1.176834e-07	6.037948e-10	1.004336e-137	7.922632e-08	8.629481e-08	7.027224e-140	5.543374e-10	6.037948e-10	1.004336e-137	1.768166e-11	8.629481e-08	7.027224e-140	1.237165e-13	6.037948e-10	1.004336e-137	-1.392502e-13	8.629481e-08	7.027224e-140	-9.743172e-16	6.037948e-10	
198	2.123445e+131	4.017345e-139	1.136994e-01	8.530613e-08	2.672102e-141	7.562615e-04	5.674063e-10	4.017345e-139	1.694628e-03	8.530613e-08	2.672102e-141	1.127167e-05	5.674063e-10	4.017345e-139	1.679731e-05	8.530613e-08	2.672102e-141	1.117258e-07	5.674063e-10	4.017345e-139	7.835398e-08	8.530613e-08	2.672102e-141	5.211647e-10	5.674063e-10	4.017345e-139	1.721461e-11	8.530613e-08	2.672102e-141	1.145015e-13	5.674063e-10	4.017345e-139	-1.341910e-13	8.530613e-08	2.672102e-141	-8.925600e-16	5.674063e-10	
200	5.248479e+132	1.606938e-140	1.158185e-01	8.433981e-08	1.016067e-142	7.323200e-04	5.332806e-10	1.606938e-140	1.709237e-03	8.433981e-08	1.016067e-142	1.080750e-05	5.332806e-10	1.606938e-140	1.677572e-05	8.433981e-08	1.016067e-142	1.060728e-07	5.332806e-10	1.606938e-140	7.750085e-08	8.433981e-08	1.016067e-142	4.900378e-10	5.332806e-10	1.606938e-140	1.676466e-11	8.433981e-08	1.016067e-142	1.060029e-13	5.332806e-10	1.606938e-140	-1.293659e-13	8.433981e-08	1.016067e-142	-8.179806e-16	5.332806e-10	
202	1.297423e+134	6.427752e-142	1.179574e-01	8.339511e-08	3.863594e-144	7.090185e-04	5.012714e-10	6.427752e-142	1.723852e-03	8.339511e-08	3.863594e-144	1.036173e-05	5.012714e-10	6.427752e-142	1.675460e-05	8.339511e-08	3.863594e-144	1.007086e-07	5.012714e-10	6.427752e-142	7.666629e-08	8.339511e-08	3.863594e-144	4.608258e-10	5.012714e-10	6.427752e-142	1.633102e-11	8.339511e-08	3.863594e-144	9.816251e-14	5.012714e-10	6.427752e-142	-1.247617e-13	8.339511e-08	3.863594e-144	-7.499177e-16	5.012714e-10	
204	3.207626e+135	2.571101e-143	1.201162e-01	8.247131e-08	1.469132e-145	6.863462e-04	4.712425e-10	2.571101e-143	1.738473e-03	8.247131e-08	1.469132e-145	9.933665e-06	4.712425e-10	2.571101e-143	1.673395e-05	8.247131e-08	1.469132e-145	9.561806e-08	4.712425e-10	2.571101e-143	7.584971e-08	8.247131e-08	1.469132e-145	4.334066e-10	4.712425e-10	2.571101e-143	1.591293e-11	8.247131e-08	1.469132e-145	9.092676e-14	4.712425e-10	2.571101e-143	-1.203661e-13	8.247131e-08	1.469132e-145	-6.877741e-16	4.712425e-10	
206	7.931205e+136	1.028440e-144	1.222949e-01	8.156771e-08	5.586373e-147	6.642921e-04	4.430667e-10	1.028440e-144	1.753099e-03	8.156771e-08	5.586373e-147	9.522637e-06	4.430667e-10	1.028440e-144	1.671374e-05	8.156771e-08	5.586373e-147	9.078716e-08	4.430667e-10	1.028440e-144	7.505051e-08	8.156771e-08	5.586373e-147	4.076660e-10	4.430667e-10	1.028440e-144	1.550968e-11	8.156771e-08	5.586373e-147	8.424685e-14	4.430667e-10	1.028440e-144	-1.161677e-13	8.156771e-08	5.586373e-147	-6.310102e-16	4.430667e-10	
208	1.961312e+138	4.113761e-146	1.244934e-01	8.068368e-08	2.124218e-148	6.428452e-04	4.166254e-10	4.113761e-146	1.767730e-03	8.068368e-08	2.124218e-148	9.128008e-06	4.166254e-10	4.113761e-146	1.669396e-05	8.068368e-08	2.124218e-148	8.620242e-08	4.166254e-10	4.113761e-146	7.426816e-08	8.068368e-08	2.124218e-148	3.834977e-10	4.166254e-10	4.113761e-146	1.512060e-11	8.068368e-08	2.124218e-148	7.807808e-14	4.166254e-10	4.113761e-146	-1.121559e-13	8.068368e-08	2.124218e-148	-5.791380e-16	4.166254e-10	
210	4.850705e+139	1.645505e-147	1.267118e-01	7.981858e-08	8.077340e-150	6.219943e-04	3.918080e-10	1.645505e-147	1.782366e-03	7.981858e-08	8.077340e-150	8.749157e-06	3.918080e-10	1.645505e-147	1.667460e-05	7.981858e-08	8.077340e-150	8.185116e-08	3.918080e-10	1.645505e-147	7.350213e-08	7.981858e-08	8.077340e-150	3.608022e-10	3.918080e-10	1.645505e-147	1.474506e-11	7.981858e-08	8.077340e-150	7.237955e-14	3.918080e-10	1.645505e-147	-1.083205e-13	7.981858e-08	8.077340e-150	-5.317161e-16	3.918080e-10	
212	1.199811e+141	6.582018e-149	1.289501e-01	7.897180e-08	3.071409e-151	6.017278e-04	3.685111e-10	6.582018e-149	1.797007e-03	7.897180e-08	3.071409e-151	8.385488e-06	3.685111e-10	6.582018e-149	1.665565e-05	7.897180e-08	3.071409e-151	7.772133e-08	3.685111e-10	6.582018e-149	7.275190e-08	7.897180e-08	3.071409e-151	3.394868e-10	3.685111e-10	6.582018e-149	1.438246e-11	7.897180e-08	3.071409e-151	6.711376e-14	3.685111e-10	6.582018e-149	-1.046521e-13	7.897180e-08	3.071409e-151	-4.883448e-16	3.685111e-10	
214	2.968040e+142	2.632807e-150	1.312082e-01	7.814279e-08	1.167903e-152	5.820344e-04	3.466384e-10	2.632807e-150	1.811653e-03	7.814279e-08	1.167903e-152	8.036423e-06	3.466384e-10	2.632807e-150	1.663709e-05	7.814279e-08	1.167903e-152	7.380151e-08	3.466384e-10	2.632807e-150	7.201698e-08	7.814279e-08	1.167903e-152	3.194646e-10	3.466384e-10	2.632807e-150	1.403222e-11	7.814279e-08	1.167903e-152	6.224639e-14	3.466384e-10	2.632807e-150	-1.011420e-13	7.814279e-08	1.167903e-152	-4.486621e-16	3.466384e-10	
216	7.343015e+143	1.053123e-151	1.334862e-01	7.733097e-08	4.440952e-154	5.629025e-04	3.260997e-10	1.053123e-151	1.826303e-03	7.733097e-08	4.440952e-154	7.701404e-06	3.260997e-10	1.053123e-151	1.661892e-05	7.733097e-08	4.440952e-154	7.008090e-08	3.260997e-10	1.053123e-151	7.129692e-08	7.733097e-08	4.440952e-154	3.006546e-10	3.260997e-10	1.053123e-151	1.369382e-11	7.733097e-08	4.440952e-154	5.774595e-14	3.260997e-10	1.053123e-151	-9.778193e-14	7.733097e-08	4.440952e-154	-4.123401e-16	3.260997e-10	
218	1.816878e+145	4.212492e-153	1.357840e-01	7.653583e-08	1.688672e-155	5.443206e-04	3.068110e-10	4.212492e-153	1.840958e-03	7.653583e-08	1.688672e-155	7.379894e-06	3.068110e-10	4.212492e-153	1.660111e-05	7.653583e-08	1.688672e-155	6.654927e-08	3.068110e-10	4.212492e-153	7.059127e-08	7.653583e-08	1.688672e-155	2.829810e-10	3.068110e-10	4.212492e-153	1.336674e-11	7.653583e-08	1.688672e-155	5.358357e-14	3.068110e-10	4.212492e-153	-9.456405e-14	7.653583e-08	1.688672e-155	-3.790813e-16	3.068110e-10	
220	4.495964e+146	1.684997e-154	1.381017e-01	7.575685e-08	6.421175e-157	5.262770e-04	2.886937e-10	1.684997e-154	1.855617e-03	7.575685e-08	6.421175e-157	7.071374e-06	2.886937e-10	1.684997e-154	1.658366e-05	7.575685e-08	6.421175e-157	6.319690e-08	2.886937e-10	1.684997e-154	6.989959e-08	7.575685e-08	6.421175e-157	2.663729e-10	2.886937e-10	1.684997e-154	1.305050e-11	7.575685e-08	6.421175e-157	4.973275e-14	2.886937e-10	1.684997e-154	-9.148111e-14	7.575685e-08	6.421175e-157	-3.486157e-16	2.886937e-10	
222	1.112666e+148	6.739987e-156	1.404392e-01	7.499355e-08	2.441652e-158	5.087601e-04	2.716743e-10	6.739987e-156	1.870280e-03	7.499355e-08	2.441652e-158	6.775344e-06	2.716743e-10	6.739987e-156	1.656655e-05	7.499355e-08	2.441652e-158	6.001459e-08	2.716743e-10	6.739987e-156	6.922146e-08	7.499355e-08	2.441652e-158	2.507642e-10	2.716743e-10	6.739987e-156	1.274464e-11	7.499355e-08	2.441652e-158	4.616917e-14	2.716743e-10	6.739987e-156	-8.852625e-14	7.499355e-08	2.441652e-158	-3.206984e-16	2.716743e-10	
224	2.753917e+149	2.695995e-157	1.427966e-01	7.424546e-08	9.284381e-160	4.917584e-04	2.556841e-10	2.695995e-157	1.884947e-03	7.424546e-08	9.284381e-160	6.491322e-06	2.556841e-10	2.695995e-157	1.654979e-05	7.424546e-08	9.284381e-160	5.699363e-08	2.556841e-10	2.695995e-157	6.855651e-08	7.424546e-08	9.284381e-160	2.360927e-10	2.556841e-10	2.695995e-157	1.244872e-11	7.424546e-08	9.284381e-160	4.287052e-14	2.556841e-10	2.695995e-157	-8.569301e-14	7.424546e-08	9.284381e-160	-2.951069e-16	2.556841e-10	
226	6.816791e+150	1.078398e-158	1.451739e-01	7.351213e-08	3.530386e-161	4.752603e-04	2.406590e-10	1.078398e-158	1.899618e-03	7.351213e-08	3.530386e-161	6.218842e-06	2.406590e-10	1.078398e-158	1.653335e-05	7.351213e-08	3.530386e-161	5.412575e-08	2.406590e-10	1.078398e-158	6.790433e-08	7.351213e-08	3.530386e-161	2.223006e-10	2.406590e-10	1.078398e-158	1.216235e-11	7.351213e-08	3.530386e-161	3.981627e-14	2.406590e-10	1.078398e-158	-8.297535e-14	7.351213e-08	3.530386e-161	-2.716391e-16	2.406590e-10	
228	1.687529e+152	4.313591e-160	1.475710e-01	7.279312e-08	1.342429e-162	4.592543e-04	2.265389e-10	4.313591e-160	1.914293e-03	7.279312e-08	1.342429e-162	5.957457e-06	2.265389e-10	4.313591e-160	1.651723e-05	7.279312e-08	1.342429e-162	5.140313e-08	2.265389e-10	4.313591e-160	6.726458e-08	7.279312e-08	1.342429e-162	2.093335e-10	2.265389e-10	4.313591e-160	1.188511e-11	7.279312e-08	1.342429e-162	3.698756e-14	2.265389e-10	4.313591e-160	-8.036754e-14	7.279312e-08	1.342429e-162	-2.501111e-16	2.265389e-10	
230	4.177959e+153	1.725437e-161	1.499879e-01	7.208804e-08	5.104587e-164	4.437291e-04	2.132676e-10	1.725437e-161	1.928972e-03	7.208804e-08	5.104587e-164	5.706733e-06	2.132676e-10	1.725437e-161	1.650141e-05	7.208804e-08	5.104587e-164	4.881832e-08	2.132676e-10	1.725437e-161	6.663688e-08	7.208804e-08	5.104587e-164	1.971407e-10	2.132676e-10	1.725437e-161	1.161665e-11	7.208804e-08	5.104587e-164	3.436707e-14	2.132676e-10	1.725437e-161	-7.786420e-14	7.208804e-08	5.104587e-164	-2.303560e-16	2.132676e-10	
232	1.034469e+155	6.901746e-163	1.524247e-01	7.139646e-08	1.941019e-165	4.286731e-04	2.007925e-10	6.901746e-163	1.943654e-03	7.139646e-08	1.941019e-165	5.466255e-06	2.007925e-10	6.901746e-163	1.648590e-05	7.139646e-08	1.941019e-165	4.636428e-08	2.007925e-10	6.901746e-163	6.602091e-08	7.139646e-08	1.941019e-165	1.856745e-10	2.007925e-10	6.901746e-163	1.135661e-11	7.139646e-08	1.941019e-165	3.193886e-14	2.007925e-10	6.901746e-163	-7.546027e-14	7.139646e-08	1.941019e-165	-2.122214e-16	2.007925e-10	
234	2.561598e+156	2.760699e-164	1.548814e-01	7.071801e-08	7.380726e-167	4.140752e-04	1.890646e-10	2.760699e-164	1.958340e-03	7.071801e-08	7.380726e-167	5.235621e-06	1.890646e-10	2.760699e-164	1.647068e-05	7.071801e-08	7.380726e-167	4.403435e-08	1.890646e-10	2.760699e-164	6.541634e-08	7.071801e-08	7.380726e-167	1.748905e-10	1.890646e-10	2.760699e-164	1.110464e-11	7.071801e-08	7.380726e-167	2.968826e-14	1.890646e-10	2.760699e-164	-7.315095e-14	7.071801e-08	7.380726e-167	-1.955690e-16	1.890646e-10	
236	6.343714e+157	1.104279e-165	1.573579e-01	7.005232e-08	2.806521e-168	3.999243e-04	1.780376e-10	1.104279e-165	1.973029e-03	7.005232e-08	2.806521e-168	5.014444e-06	1.780376e-10	1.104279e-165	1.645574e-05	7.005232e-08	2.806521e-168	4.182219e-08	1.780376e-10	1.104279e-165	6.482284e-08	7.005232e-08	2.806521e-168	1.647469e-10	1.780376e-10	1.104279e-165	1.086044e-11	7.005232e-08	2.806521e-168	2.760176e-14	1.780376e-10	1.104279e-165	-7.093174e-14	7.005232e-08	2.806521e-168	-1.802727e-16	1.780376e-10	
238	1.571139e+159	4.417118e-167	1.598542e-01	6.939904e-08	1.067180e-169	3.862092e-04	1.676687e-10	4.417118e-167	1.987722e-03	6.939904e-08	1.067180e-169	4.802353e-06	1.676687e-10	4.417118e-167	1.644108e-05	6.939904e-08	1.067180e-169	3.972180e-08	1.676687e-10	4.417118e-167	6.424013e-08	6.939904e-08	1.067180e-169	1.552047e-10	1.676687e-10	4.417118e-167	1.062370e-11	6.939904e-08	1.067180e-169	2.566694e-14	1.676687e-10	4.417118e-167	-6.879837e-14	6.939904e-08	1.067180e-169	-1.662175e-16	1.676687e-10	
240	3.891554e+160	1.766847e-168	1.623704e-01	6.875781e-08	4.057950e-171	3.729191e-04	1.579173e-10	1.766847e-168	2.002417e-03	6.875781e-08	4.057950e-171	4.598988e-06	1.579173e-10	1.766847e-168	1.642669e-05	6.875781e-08	4.057950e-171	3.772747e-08	1.579173e-10	1.766847e-168	6.366790e-08	6.875781e-08	4.057950e-171	1.462272e-10	1.579173e-10	1.766847e-168	1.039412e-11	6.875781e-08	4.057950e-171	2.387236e-14	1.579173e-10	1.766847e-168	-6.674682e-14	6.875781e-08	4.057950e-171	-1.532987e-16	1.579173e-10	
242	9.639815e+161	7.067388e-170	1.649065e-01	6.812831e-08	1.543036e-172	3.600433e-04	1.487458e-10	7.067388e-170	2.017116e-03	6.812831e-08	1.543036e-172	4.404005e-06	1.487458e-10	7.067388e-170	1.641255e-05	6.812831e-08	1.543036e-172	3.583382e-08	1.487458e-10	7.067388e-170	6.310587e-08	6.812831e-08	1.543036e-172	1.377802e-10	1.487458e-10	7.067388e-170	1.017143e-11	6.812831e-08	1.543036e-172	2.220746e-14	1.487458e-10	7.067388e-170	-6.477329e-14	6.812831e-08	1.543036e-172	-1.414207e-16	1.487458e-10	
244	2.388090e+163	2.826955e-171	1.674624e-01	6.751023e-08	5.867393e-174	3.475709e-04	1.401186e-10	2.826955e-171	2.031818e-03	6.751023e-08	5.867393e-174	4.217072e-06	1.401186e-10	2.826955e-171	1.639867e-05	6.751023e-08	5.867393e-174	3.403572e-08	1.401186e-10	2.826955e-171	6.255378e-08	6.751023e-08	5.867393e-174	1.298314e-10	1.401186e-10	2.826955e-171	9.955360e-12	6.751023e-08	5.867393e-174	2.066252e-14	1.401186e-10	2.826955e-171	-6.287417e-14	6.751023e-08	5.867393e-174	-1.304964e-16	1.401186e-10	
246	5.916546e+164	1.130782e-172	1.700381e-01	6.690324e-08	2.231076e-175	3.354916e-04	1.320026e-10	1.130782e-172	2.046522e-03	6.690324e-08	2.231076e-175	4.037867e-06	1.320026e-10	1.130782e-172	1.638504e-05	6.690324e-08	2.231076e-175	3.232831e-08	1.320026e-10	1.130782e-172	6.201136e-08	6.690324e-08	2.231076e-175	1.223508e-10	1.320026e-10	1.130782e-172	9.745669e-12	6.690324e-08	2.231076e-175	1.922858e-14	1.320026e-10	1.130782e-172	-6.104607e-14	6.690324e-08	2.231076e-175	-1.204462e-16	1.320026e-10	
248	1.465956e+166	4.523128e-174	1.726337e-01	6.630707e-08	8.483667e-177	3.237951e-04	1.243668e-10	4.523128e-174	2.061230e-03	6.630707e-08	8.483667e-177	3.866083e-06	1.243668e-10	4.523128e-174	1.637165e-05	6.630707e-08	8.483667e-177	3.070698e-08	1.243668e-10	4.523128e-174	6.147836e-08	6.630707e-08	8.483667e-177	1.153100e-10	1.243668e-10	4.523128e-174	9.542113e-12	6.630707e-08	8.483667e-177	1.789737e-14	1.243668e-10	4.523128e-174	-5.928576e-14	6.630707e-08	8.483667e-177	-1.111975e-16	1.243668e-10	
250	3.632520e+167	1.809251e-175	1.752491e-01	6.572141e-08	3.225914e-178	3.124710e-04	1.171820e-10	1.809251e-175	2.075941e-03	6.572141e-08	3.225914e-178	3.701424e-06	1.171820e-10	1.809251e-175	1.635849e-05	6.572141e-08	3.225914e-178	2.916736e-08	1.171820e-10	1.809251e-175	6.095452e-08	6.572141e-08	3.225914e-178	1.086826e-10	1.171820e-10	1.809251e-175	9.344461e-12	6.572141e-08	3.225914e-178	1.666127e-14	1.171820e-10	1.809251e-175	-5.759020e-14	6.572141e-08	3.225914e-178	-1.026839e-16	1.171820e-10	
252	9.001790e+168	7.237006e-177	1.778844e-01	6.514600e-08	1.226654e-179	3.015095e-04	1.104208e-10	7.237006e-177	2.090654e-03	6.514600e-08	1.226654e-179	3.543605e-06	1.104208e-10	7.237006e-177	1.634556e-05	6.514600e-08	1.226654e-179	2.770530e-08	1.104208e-10	7.237006e-177	6.043963e-08	6.514600e-08	1.226654e-179	1.024436e-10	1.104208e-10	7.237006e-177	9.152497e-12	6.514600e-08	1.226654e-179	1.551325e-14	1.104208e-10	7.237006e-177	-5.595651e-14	6.514600e-08	1.226654e-179	-9.484485e-17	1.104208e-10	
254	2.230915e+170	2.894802e-178	1.805395e-01	6.458057e-08	4.664352e-181	2.909006e-04	1.040577e-10	2.894802e-178	2.105370e-03	6.458057e-08	4.664352e-181	3.392351e-06	1.040577e-10	2.894802e-178	1.633285e-05	6.458057e-08	4.664352e-181	2.631688e-08	1.040577e-10	2.894802e-178	5.993344e-08	6.458057e-08	4.664352e-181	9.656986e-11	1.040577e-10	2.894802e-178	8.966011e-12	6.458057e-08	4.664352e-181	1.444680e-14	1.040577e-10	2.894802e-178	-5.438193e-14	6.458057e-08	4.664352e-181	-8.762479e-17	1.040577e-10	
256	5.529295e+171	1.157921e-179	1.832145e-01	6.402487e-08	1.773620e-182	2.806347e-04	9.806867e-11	1.157921e-179	2.120088e-03	6.402487e-08	1.773620e-182	3.247398e-06	9.806867e-11	1.157921e-179	1.632036e-05	6.402487e-08	1.773620e-182	2.499835e-08	9.806867e-11	1.157921e-179	5.943575e-08	6.402487e-08	1.773620e-182	9.103939e-11	9.806867e-11	1.157921e-179	8.784804e-12	6.402487e-08	1.773620e-182	1.345593e-14	9.806867e-11	1.157921e-179	-5.286388e-14	6.402487e-08	1.773620e-182	-8.097308e-17	9.806867e-11	
258	1.370530e+173	4.631684e-181	1.859093e-01	6.347863e-08	6.744189e-184	2.707023e-04	9.243116e-11	4.631684e-181	2.134809e-03	6.347863e-08	6.744189e-184	3.108493e-06	9.243116e-11	4.631684e-181	1.630808e-05	6.347863e-08	6.744189e-184	2.374617e-08	9.243116e-11	4.631684e-181	5.894633e-08	6.347863e-08	6.744189e-184	8.583168e-11	9.243116e-11	4.631684e-181	8.608685e-12	6.347863e-08	6.744189e-184	1.253510e-14	9.243116e-11	4.631684e-181	-5.139990e-14	6.347863e-08	6.744189e-184	-7.484333e-17	9.243116e-11	
260	3.397341e+174	1.852673e-182	1.886239e-01	6.294163e-08	2.564478e-185	2.610940e-04	8.712405e-11	1.852673e-182	2.149532e-03	6.294163e-08	2.564478e-185	2.975391e-06	8.712405e-11	1.852673e-182	1.629600e-05	6.294163e-08	2.564478e-185	2.255699e-08	8.712405e-11	1.852673e-182	5.846498e-08	6.294163e-08	2.564478e-185	8.092745e-11	8.712405e-11	1.852673e-182	8.437471e-12	6.294163e-08	2.564478e-185	1.167918e-14	8.712405e-11	1.852673e-182	-4.998764e-14	6.294163e-08	2.564478e-185	-6.919309e-17	8.712405e-11	
262	8.422104e+175	7.410694e-184	1.913584e-01	6.241363e-08	9.751427e-187	2.518007e-04	8.212753e-11	7.410694e-184	2.164258e-03	6.241363e-08	9.751427e-187	2.847858e-06	8.212753e-11	7.410694e-184	1.628413e-05	6.241363e-08	9.751427e-187	2.142761e-08	8.212753e-11	7.410694e-184	5.799150e-08	6.241363e-08	9.751427e-187	7.630863e-11	8.212753e-11	7.410694e-184	8.270989e-12	6.241363e-08	9.751427e-187	1.088345e-14	8.212753e-11	7.410694e-184	-4.862490e-14	6.241363e-08	9.751427e-187	-6.398351e-17	8.212753e-11	
264	2.088010e+177	2.964277e-185	1.941127e-01	6.189441e-08	3.707980e-188	2.428134e-04	7.742299e-11	2.964277e-185	2.178986e-03	6.189441e-08	3.707980e-188	2.725669e-06	7.742299e-11	2.964277e-185	1.627245e-05	6.189441e-08	3.707980e-188	2.035501e-08	7.742299e-11	2.964277e-185	5.752570e-08	6.189441e-08	3.707980e-188	7.195823e-11	7.742299e-11	2.964277e-185	8.109071e-12	6.189441e-08	3.707980e-188	1.014354e-14	7.742299e-11	2.964277e-185	-4.730957e-14	6.189441e-08	3.707980e-188	-5.917899e-17	7.742299e-11	
266	5.176957e+178	1.185711e-186	1.968869e-01	6.138375e-08	1.409959e-189	2.341233e-04	7.299299e-11	1.185711e-186	2.193717e-03	6.138375e-08	1.409959e-189	2.608605e-06	7.299299e-11	1.185711e-186	1.626096e-05	6.138375e-08	1.409959e-189	1.933632e-08	7.299299e-11	1.185711e-186	5.706739e-08	6.138375e-08	1.409959e-189	6.786031e-11	7.299299e-11	1.185711e-186	7.951559e-12	6.138375e-08	1.409959e-189	9.455403e-15	7.299299e-11	1.185711e-186	-4.603965e-14	6.138375e-08	1.409959e-189	-5.474693e-17	7.299299e-11	
268	1.283648e+180	4.742844e-188	1.996809e-01	6.088144e-08	5.361371e-191	2.257218e-04	6.882115e-11	4.742844e-188	2.208450e-03	6.088144e-08	5.361371e-191	2.496459e-06	6.882115e-11	4.742844e-188	1.624966e-05	6.088144e-08	5.361371e-191	1.836882e-08	6.882115e-11	4.742844e-188	5.661640e-08	6.088144e-08	5.361371e-191	6.399989e-11	6.882115e-11	4.742844e-188	7.798298e-12	6.088144e-08	5.361371e-191	8.815294e-15	6.882115e-11	4.742844e-188	-4.481323e-14	6.088144e-08	5.361371e-191	-5.065744e-17	6.882115e-11	
270	3.183073e+181	1.897138e-189	2.024948e-01	6.038727e-08	2.038661e-192	2.176006e-04	6.489208e-11	1.897138e-189	2.223185e-03	6.038727e-08	2.038661e-192	2.389031e-06	6.489208e-11	1.897138e-189	1.623854e-05	6.038727e-08	2.038661e-192	1.744991e-08	6.489208e-11	1.897138e-189	5.617255e-08	6.038727e-08	2.038661e-192	6.036293e-11	6.489208e-11	1.897138e-189	7.649142e-12	6.038727e-08	2.038661e-192	8.219757e-15	6.489208e-11	1.897138e-189	-4.362850e-14	6.038727e-08	2.038661e-192	-4.688313e-17	6.489208e-11	
272	7.893611e+182	7.588550e-191	2.053285e-01	5.990106e-08	7.752009e-194	2.097513e-04	6.119134e-11	7.588550e-191	2.237922e-03	5.990106e-08	7.752009e-194	2.286127e-06	6.119134e-11	7.588550e-191	1.622759e-05	5.990106e-08	7.752009e-194	1.657714e-08	6.119134e-11	7.588550e-191	5.573566e-08	5.990106e-08	7.752009e-194	5.693622e-11	6.119134e-11	7.588550e-191	7.503952e-12	5.990106e-08	7.752009e-194	7.665589e-15	6.119134e-11	7.588550e-191	-4.248376e-14	5.990106e-08	7.752009e-194	-4.339887e-17	6.119134e-11	
274	1.957640e+184	3.035420e-192	2.081820e-01	5.942261e-08	2.947702e-195	2.021659e-04	5.770540e-11	3.035420e-192	2.252661e-03	5.942261e-08	2.947702e-195	2.187563e-06	5.770540e-11	3.035420e-192	1.621682e-05	5.942261e-08	2.947702e-195	1.574818e-08	5.770540e-11	3.035420e-192	5.530558e-08	5.942261e-08	2.947702e-195	5.370734e-11	5.770540e-11	3.035420e-192	7.362592e-12	5.942261e-08	2.947702e-195	7.149826e-15	5.770540e-11	3.035420e-192	-4.137735e-14	5.942261e-08	2.947702e-195	-4.018161e-17	5.770540e-11	
276	4.855319e+185	1.214168e-193	2.110553e-01	5.895174e-08	1.120864e-196	1.948365e-04	5.442150e-11	1.214168e-193	2.267402e-03	5.895174e-08	1.120864e-196	2.093160e-06	5.442150e-11	1.214168e-193	1.620622e-05	5.895174e-08	1.120864e-196	1.496083e-08	5.442150e-11	1.214168e-193	5.488215e-08	5.895174e-08	1.120864e-196	5.066465e-11	5.442150e-11	1.214168e-193	7.224934e-12	5.895174e-08	1.120864e-196	6.669723e-15	5.442150e-11	1.214168e-193	-4.030773e-14	5.895174e-08	1.120864e-196	-3.721022e-17	5.442150e-11	
278	1.204287e+187	4.856672e-195	2.139486e-01	5.848826e-08	4.262084e-198	1.877554e-04	5.132771e-11	4.856672e-195	2.282145e-03	5.848826e-08	4.262084e-198	2.002748e-06	5.132771e-11	4.856672e-195	1.619579e-05	5.848826e-08	4.262084e-198	1.421298e-08	5.132771e-11	4.856672e-195	5.446521e-08	5.848826e-08	4.262084e-198	4.779719e-11	5.132771e-11	4.856672e-195	7.090853e-12	5.848826e-08	4.262084e-198	6.222740e-15	5.132771e-11	4.856672e-195	-3.927340e-14	5.848826e-08	4.262084e-198	-3.446527e-17	5.132771e-11	
280	2.987231e+188	1.942669e-196	2.168616e-01	5.803201e-08	1.620657e-199	1.809152e-04	4.841278e-11	1.942669e-196	2.296890e-03	5.803201e-08	1.620657e-199	1.916164e-06	4.841278e-11	1.942669e-196	1.618551e-05	5.803201e-08	1.620657e-199	1.350265e-08	4.841278e-11	1.942669e-196	5.405462e-08	5.803201e-08	1.620657e-199	4.509467e-11	4.841278e-11	1.942669e-196	6.960232e-12	5.803201e-08	1.620657e-199	5.806522e-15	4.841278e-11	1.942669e-196	-3.827295e-14	5.803201e-08	1.620657e-199	-3.192893e-17	4.841278e-11	
282	7.410272e+189	7.770676e-198	2.197945e-01	5.758282e-08	6.162549e-201	1.743084e-04	4.566617e-11	7.770676e-198	2.311637e-03	5.758282e-08	6.162549e-201	1.833248e-06	4.566617e-11	7.770676e-198	1.617540e-05	5.758282e-08	6.162549e-201	1.282793e-08	4.566617e-11	7.770676e-198	5.365023e-08	5.758282e-08	6.162549e-201	4.254742e-11	4.566617e-11	7.770676e-198	6.832955e-12	5.758282e-08	6.162549e-201	5.418888e-15	4.566617e-11	7.770676e-198	-3.730505e-14	5.758282e-08	6.162549e-201	-2.958484e-17	4.566617e-11	
284	1.838338e+191	3.108270e-199	2.227472e-01	5.714052e-08	2.343309e-202	1.679280e-04	4.307795e-11	3.108270e-199	2.326386e-03	5.714052e-08	2.343309e-202	1.753851e-06	4.307795e-11	3.108270e-199	1.616543e-05	5.714052e-08	2.343309e-202	1.218704e-08	4.307795e-11	3.108270e-199	5.325190e-08	5.714052e-08	2.343309e-202	4.014634e-11	4.307795e-11	3.108270e-199	6.708915e-12	5.714052e-08	2.343309e-202	5.057817e-15	4.307795e-11	3.108270e-199	-3.636839e-14	5.714052e-08	2.343309e-202	-2.741795e-17	4.307795e-11	
286	4.560813e+192	1.243308e-200	2.257198e-01	5.670496e-08	8.910434e-204	1.617669e-04	4.063883e-11	1.243308e-200	2.341136e-03	5.670496e-08	8.910434e-204	1.677826e-06	4.063883e-11	1.243308e-200	1.615562e-05	5.670496e-08	8.910434e-204	1.157827e-08	4.063883e-11	1.243308e-200	5.285949e-08	5.670496e-08	8.910434e-204	3.788289e-11	4.063883e-11	1.243308e-200	6.588005e-12	5.670496e-08	8.910434e-204	4.721435e-15	4.063883e-11	1.243308e-200	-3.546177e-14	5.670496e-08	8.910434e-204	-2.541444e-17	4.063883e-11	
288	1.131578e+194	4.973232e-202	2.287122e-01	5.627599e-08	3.388192e-205	1.558183e-04	3.834003e-11	4.973232e-202	2.355889e-03	5.627599e-08	3.388192e-205	1.605033e-06	3.834003e-11	4.973232e-202	1.614596e-05	5.627599e-08	3.388192e-205	1.100001e-08	3.834003e-11	4.973232e-202	5.247288e-08	5.627599e-08	3.388192e-205	3.574903e-11	3.834003e-11	4.973232e-202	6.470125e-12	5.627599e-08	3.388192e-205	4.408004e-15	3.834003e-11	4.973232e-202	-3.458400e-14	5.627599e-08	3.388192e-205	-2.356159e-17	3.834003e-11	
290	2.807704e+195	1.989293e-203	2.317244e-01	5.585345e-08	1.288360e-206	1.500757e-04	3.617334e-11	1.989293e-203	2.370643e-03	5.585345e-08	1.288360e-206	1.535340e-06	3.617334e-11	1.989293e-203	1.613644e-05	5.585345e-08	1.288360e-206	1.045072e-08	3.617334e-11	1.989293e-203	5.209193e-08	5.585345e-08	1.288360e-206	3.373720e-11	3.617334e-11	1.989293e-203	6.355177e-12	5.585345e-08	1.288360e-206	4.115913e-15	3.617334e-11	1.989293e-203	-3.373398e-14	5.585345e-08	1.288360e-206	-2.184772e-17	3.617334e-11	
292	6.966949e+196	7.957172e-205	2.347565e-01	5.543721e-08	4.898990e-208	1.445324e-04	3.413101e-11	7.957172e-205	2.385399e-03	5.543721e-08	4.898990e-208	1.468618e-06	3.413101e-11	7.957172e-205	1.612705e-05	5.543721e-08	4.898990e-208	9.928939e-09	3.413101e-11	7.957172e-205	5.171652e-08	5.543721e-08	4.898990e-208	3.184030e-11	3.413101e-11	7.957172e-205	6.243070e-12	5.543721e-08	4.898990e-208	3.843669e-15	3.413101e-11	7.957172e-205	-3.291064e-14	5.543721e-08	4.898990e-208	-2.026208e-17	3.413101e-11	
294	1.728853e+198	3.182869e-206	2.378084e-01	5.502712e-08	1.862841e-209	1.391823e-04	3.220578e-11	3.182869e-206	2.400156e-03	5.502712e-08	1.862841e-209	1.404742e-06	3.220578e-11	3.182869e-206	1.611781e-05	5.502712e-08	1.862841e-209	9.433288e-09	3.220578e-11	3.182869e-206	5.134653e-08	5.502712e-08	1.862841e-209	3.005164e-11	3.220578e-11	3.182869e-206	6.133712e-12	5.502712e-08	1.862841e-209	3.589884e-15	3.220578e-11	3.182869e-206	-3.211296e-14	5.502712e-08	1.862841e-209	-1.879478e-17	3.220578e-11	
296	4.290395e+199	1.273147e-207	2.408801e-01	5.462305e-08	7.083452e-211	1.340192e-04	3.039081e-11	1.273147e-207	2.414915e-03	5.462305e-08	7.083452e-211	1.343594e-06	3.039081e-11	1.273147e-207	1.610870e-05	5.462305e-08	7.083452e-211	8.962452e-09	3.039081e-11	1.273147e-207	5.098185e-08	5.462305e-08	7.083452e-211	2.836494e-11	3.039081e-11	1.273147e-207	6.027019e-12	5.462305e-08	7.083452e-211	3.353272e-15	3.039081e-11	1.273147e-207	-3.133997e-14	5.462305e-08	7.083452e-211	-1.743672e-17	3.039081e-11	
298	1.064780e+201	5.092590e-209	2.439717e-01	5.422487e-08	2.693483e-212	1.290372e-04	2.867966e-11	5.092590e-209	2.429676e-03	5.422487e-08	2.693483e-212	1.285061e-06	2.867966e-11	5.092590e-209	1.609973e-05	5.422487e-08	2.693483e-212	8.515183e-09	2.867966e-11	5.092590e-209	5.062236e-08	5.422487e-08	2.693483e-212	2.677428e-11	2.867966e-11	5.092590e-209	5.922906e-12	5.422487e-08	2.693483e-212	3.132639e-15	2.867966e-11	5.092590e-209	-3.059075e-14	5.422487e-08	2.693483e-212	-1.617952e-17	2.867966e-11	
300	2.642685e+202	2.037036e-210	2.470831e-01	5.383245e-08	1.024197e-213	1.242304e-04	2.706630e-11	2.037036e-210	2.444438e-03	5.383245e-08	1.024197e-213	1.229033e-06	2.706630e-11	2.037036e-210	1.609088e-05	5.383245e-08	1.024197e-213	8.090297e-09	2.706630e-11	2.037036e-210	5.026794e-08	5.383245e-08	1.024197e-213	2.527411e-11	2.706630e-11	2.037036e-210	5.821295e-12	5.383245e-08	1.024197e-213	2.926876e-15	2.706630e-11	2.037036e-210	-2.986440e-14	5.383245e-08	1.024197e-213	-1.501545e-17	2.706630e-11	
302	6.559243e+203	8.148144e-212	2.502143e-01	5.344566e-08	3.894508e-215	1.195931e-04	2.554503e-11	8.148144e-212	2.459202e-03	5.344566e-08	3.894508e-215	1.175406e-06	2.554503e-11	8.148144e-212	1.608216e-05	5.344566e-08	3.894508e-215	7.686670e-09	2.554503e-11	8.148144e-212	4.991850e-08	5.344566e-08	3.894508e-215	2.385918e-11	2.554503e-11	8.148144e-212	5.722109e-12	5.344566e-08	3.894508e-215	2.734954e-15	2.554503e-11	8.148144e-212	-2.916008e-14	5.344566e-08	3.894508e-215	-1.393743e-17	2.554503e-11	
304	1.628113e+205	3.259258e-213	2.533654e-01	5.306439e-08	1.480887e-216	1.151199e-04	2.411051e-11	3.259258e-213	2.473967e-03	5.306439e-08	1.480887e-216	1.124079e-06	2.411051e-11	3.259258e-213	1.607356e-05	5.306439e-08	1.480887e-216	7.303234e-09	2.411051e-11	3.259258e-213	4.957392e-08	5.306439e-08	1.480887e-216	2.252457e-11	2.411051e-11	3.259258e-213	5.625273e-12	5.306439e-08	1.480887e-216	2.555917e-15	2.411051e-11	3.259258e-213	-2.847698e-14	5.306439e-08	1.480887e-216	-1.293889e-17	2.411051e-11	
306	4.041450e+206	1.303703e-214	2.565363e-01	5.268851e-08	5.631072e-218	1.108055e-04	2.275770e-11	1.303703e-214	2.488733e-03	5.268851e-08	5.631072e-218	1.074956e-06	2.275770e-11	1.303703e-214	1.606508e-05	5.268851e-08	5.631072e-218	6.938975e-09	2.275770e-11	1.303703e-214	4.923411e-08	5.268851e-08	5.631072e-218	2.126564e-11	2.275770e-11	1.303703e-214	5.530716e-12	5.268851e-08	5.631072e-218	2.388877e-15	2.275770e-11	1.303703e-214	-2.781432e-14	5.268851e-08	5.631072e-218	-1.201381e-17	2.275770e-11	
308	1.003256e+208	5.214812e-216	2.597271e-01	5.231792e-08	2.141215e-219	1.066446e-04	2.148187e-11	5.214812e-216	2.503501e-03	5.231792e-08	2.141215e-219	1.027944e-06	2.148187e-11	5.214812e-216	1.605672e-05	5.231792e-08	2.141215e-219	6.592931e-09	2.148187e-11	5.214812e-216	4.889897e-08	5.231792e-08	2.141215e-219	2.007804e-11	2.148187e-11	5.214812e-216	5.438370e-12	5.231792e-08	2.141215e-219	2.233009e-15	2.148187e-11	5.214812e-216	-2.717136e-14	5.231792e-08	2.141215e-219	-1.115663e-17	2.148187e-11	
310	2.490622e+209	2.085925e-217	2.629377e-01	5.195250e-08	8.141970e-221	1.026322e-04	2.027857e-11	2.085925e-217	2.518271e-03	5.195250e-08	8.141970e-221	9.829542e-07	2.027857e-11	2.085925e-217	1.604848e-05	5.195250e-08	8.141970e-221	6.264187e-09	2.027857e-11	2.085925e-217	4.856839e-08	5.195250e-08	8.141970e-221	1.895765e-11	2.027857e-11	2.085925e-217	5.348170e-12	5.195250e-08	8.141970e-221	2.087546e-15	2.027857e-11	2.085925e-217	-2.654739e-14	5.195250e-08	8.141970e-221	-1.036222e-17	2.027857e-11	
312	6.183367e+210	8.343699e-219	2.661681e-01	5.159215e-08	3.095984e-222	9.876340e-05	1.914361e-11	8.343699e-219	2.533042e-03	5.159215e-08	3.095984e-222	9.399016e-07	1.914361e-11	8.343699e-219	1.604035e-05	5.159215e-08	3.095984e-222	5.951876e-09	1.914361e-11	8.343699e-219	4.824230e-08	5.159215e-08	3.095984e-222	1.790062e-11	1.914361e-11	8.343699e-219	5.260050e-12	5.159215e-08	3.095984e-222	1.951776e-15	1.914361e-11	8.343699e-219	-2.594172e-14	5.159215e-08	3.095984e-222	-9.625845e-18	1.914361e-11	
314	1.535193e+212	3.337480e-220	2.694183e-01	5.123676e-08	1.177248e-223	9.503344e-05	1.807303e-11	3.337480e-220	2.547814e-03	5.123676e-08	1.177248e-223	8.987047e-07	1.807303e-11	3.337480e-220	1.603233e-05	5.123676e-08	1.177248e-223	5.655174e-09	1.807303e-11	3.337480e-220	4.792059e-08	5.123676e-08	1.177248e-223	1.690330e-11	1.807303e-11	3.337480e-220	5.173951e-12	5.123676e-08	1.177248e-223	1.825037e-15	1.807303e-11	3.337480e-220	-2.535371e-14	5.123676e-08	1.177248e-223	-8.943156e-18	1.807303e-11	
316	3.811726e+213	1.334992e-221	2.726884e-01	5.088623e-08	4.476486e-225	9.143769e-05	1.706314e-11	1.334992e-221	2.562587e-03	5.088623e-08	4.476486e-225	8.592849e-07	1.706314e-11	1.334992e-221	1.602442e-05	5.088623e-08	4.476486e-225	5.373297e-09	1.706314e-11	1.334992e-221	4.760319e-08	5.088623e-08	4.476486e-225	1.596227e-11	1.706314e-11	1.334992e-221	5.089812e-12	5.088623e-08	4.476486e-225	1.706712e-15	1.706314e-11	1.334992e-221	-2.478272e-14	5.088623e-08	4.476486e-225	-8.310125e-18	1.706314e-11	
318	9.464564e+214	5.339968e-223	2.759783e-01	5.054047e-08	1.702184e-226	8.797165e-05	1.611043e-11	5.339968e-223	2.577362e-03	5.054047e-08	1.702184e-226	8.215674e-07	1.611043e-11	5.339968e-223	1.601661e-05	5.054047e-08	1.702184e-226	5.105503e-09	1.611043e-11	5.339968e-223	4.728999e-08	5.054047e-08	1.702184e-226	1.507430e-11	1.611043e-11	5.339968e-223	5.007577e-12	5.054047e-08	1.702184e-226	1.596230e-15	1.611043e-11	5.339968e-223	-2.422817e-14	5.054047e-08	1.702184e-226	-7.723042e-18	1.611043e-11	
320	2.350172e+216	2.135987e-224	2.792881e-01	5.019936e-08	6.472553e-228	8.463099e-05	1.521161e-11	2.135987e-224	2.592138e-03	5.019936e-08	6.472553e-228	7.854799e-07	1.521161e-11	2.135987e-224	1.600892e-05	5.019936e-08	6.472553e-228	4.851086e-09	1.521161e-11	2.135987e-224	4.698093e-08	5.019936e-08	6.472553e-228	1.423635e-11	1.521161e-11	2.135987e-224	4.927190e-12	5.019936e-08	6.472553e-228	1.493057e-15	1.521161e-11	2.135987e-224	-2.368947e-14	5.019936e-08	6.472553e-228	-7.178478e-18	1.521161e-11	
322	5.836041e+217	8.543948e-226	2.826177e-01	4.986283e-08	2.461188e-229	8.141146e-05	1.436360e-11	8.543948e-226	2.606915e-03	4.986283e-08	2.461188e-229	7.509536e-07	1.436360e-11	8.543948e-226	1.600132e-05	4.986283e-08	2.461188e-229	4.609375e-09	1.436360e-11	8.543948e-226	4.667591e-08	4.986283e-08	2.461188e-229	1.344557e-11	1.436360e-11	8.543948e-226	4.848600e-12	4.986283e-08	2.461188e-229	1.396698e-15	1.436360e-11	8.543948e-226	-2.316608e-14	4.986283e-08	2.461188e-229	-6.673271e-18	1.436360e-11	
324	1.449294e+219	3.417579e-227	2.859671e-01	4.953078e-08	9.358669e-231	7.830897e-05	1.356346e-11	3.417579e-227	2.621693e-03	4.953078e-08	9.358669e-231	7.179222e-07	1.356346e-11	3.417579e-227	1.599382e-05	4.953078e-08	9.358669e-231	4.379734e-09	1.356346e-11	3.417579e-227	4.637486e-08	4.953078e-08	9.358669e-231	1.269925e-11	1.356346e-11	3.417579e-227	4.771753e-12	4.953078e-08	9.358669e-231	1.306693e-15	1.356346e-11	3.417579e-227	-2.265746e-14	4.953078e-08	9.358669e-231	-6.204500e-18	1.356346e-11	
326	3.599267e+220	1.367032e-228	2.893363e-01	4.920312e-08	3.558634e-232	7.531954e-05	1.280847e-11	1.367032e-228	2.636473e-03	4.920312e-08	3.558634e-232	6.863222e-07	1.280847e-11	1.367032e-228	1.598643e-05	4.920312e-08	3.558634e-232	4.161559e-09	1.280847e-11	1.367032e-228	4.607771e-08	4.920312e-08	3.558634e-232	1.199487e-11	1.280847e-11	1.367032e-228	4.696601e-12	4.920312e-08	3.558634e-232	1.222611e-15	1.280847e-11	1.367032e-228	-2.216312e-14	4.920312e-08	3.558634e-232	-5.769465e-18	1.280847e-11	
328	8.939031e+221	5.468127e-230	2.927254e-01	4.887976e-08	1.353171e-233	7.243932e-05	1.209603e-11	5.468127e-230	2.651254e-03	4.887976e-08	1.353171e-233	6.560927e-07	1.209603e-11	5.468127e-230	1.597912e-05	4.887976e-08	1.353171e-233	3.954275e-09	1.209603e-11	5.468127e-230	4.578436e-08	4.887976e-08	1.353171e-233	1.133003e-11	1.209603e-11	5.468127e-230	4.623096e-12	4.887976e-08	1.353171e-233	1.144055e-15	1.209603e-11	5.468127e-230	-2.168256e-14	4.887976e-08	1.353171e-233	-5.365676e-18	1.209603e-11	
330	2.220167e+223	2.187251e-231	2.961343e-01	4.856062e-08	5.145431e-235	6.966456e-05	1.142372e-11	2.187251e-231	2.666035e-03	4.856062e-08	5.145431e-235	6.271755e-07	1.142372e-11	2.187251e-231	1.597192e-05	4.856062e-08	5.145431e-235	3.757338e-09	1.142372e-11	2.187251e-231	4.549477e-08	4.856062e-08	5.145431e-235	1.070248e-11	1.142372e-11	2.187251e-231	4.551192e-12	4.856062e-08	5.145431e-235	1.070652e-15	1.142372e-11	2.187251e-231	-2.121531e-14	4.856062e-08	5.145431e-235	-4.990828e-18	1.142372e-11	
332	5.514414e+224	8.749003e-233	2.995630e-01	4.824562e-08	1.956550e-236	6.699165e-05	1.078923e-11	8.749003e-233	2.680818e-03	4.824562e-08	1.956550e-236	5.995147e-07	1.078923e-11	8.749003e-233	1.596480e-05	4.824562e-08	1.956550e-236	3.570228e-09	1.078923e-11	8.749003e-233	4.520884e-08	4.824562e-08	1.956550e-236	1.011011e-11	1.078923e-11	8.749003e-233	4.480845e-12	4.824562e-08	1.956550e-236	1.002057e-15	1.078923e-11	8.749003e-233	-2.076093e-14	4.824562e-08	1.956550e-236	-4.642793e-18	1.078923e-11	
334	1.369718e+226	3.499601e-234	3.030116e-01	4.793468e-08	7.439782e-238	6.441706e-05	1.019041e-11	3.499601e-234	2.695603e-03	4.793468e-08	7.439782e-238	5.730566e-07	1.019041e-11	3.499601e-234	1.595778e-05	4.793468e-08	7.439782e-238	3.392455e-09	1.019041e-11	3.499601e-234	4.492651e-08	4.793468e-08	7.439782e-238	9.550902e-12	1.019041e-11	3.499601e-234	4.412011e-12	4.793468e-08	7.439782e-238	9.379468e-16	1.019041e-11	3.499601e-234	-2.031899e-14	4.793468e-08	7.439782e-238	-4.319603e-18	1.019041e-11	
336	3.402368e+227	1.399840e-235	3.064800e-01	4.762772e-08	2.828977e-239	6.193741e-05	9.625220e-12	1.399840e-235	2.710388e-03	4.762772e-08	2.828977e-239	5.477499e-07	9.625220e-12	1.399840e-235	1.595085e-05	4.762772e-08	2.828977e-239	3.223551e-09	9.625220e-12	1.399840e-235	4.464772e-08	4.762772e-08	2.828977e-239	9.022984e-12	9.625220e-12	1.399840e-235	4.344648e-12	4.762772e-08	2.828977e-239	8.780222e-16	9.625220e-12	1.399840e-235	-1.988908e-14	4.762772e-08	2.828977e-239	-4.019440e-18	9.625220e-12	
338	8.451796e+228	5.599362e-237	3.099683e-01	4.732466e-08	1.075719e-240	5.954939e-05	9.091753e-12	5.599362e-237	2.725174e-03	4.732466e-08	1.075719e-240	5.235454e-07	9.091753e-12	5.599362e-237	1.594400e-05	4.732466e-08	1.075719e-240	3.063073e-09	9.091753e-12	5.599362e-237	4.437240e-08	4.732466e-08	1.075719e-240	8.524580e-12	9.091753e-12	5.599362e-237	4.278717e-12	4.732466e-08	1.075719e-240	8.220036e-16	9.091753e-12	5.599362e-237	-1.947079e-14	4.732466e-08	1.075719e-240	-3.740621e-18	9.091753e-12	
340	2.099589e+230	2.239745e-238	3.134763e-01	4.702544e-08	4.090420e-242	5.724982e-05	8.588201e-12	2.239745e-238	2.739961e-03	4.702544e-08	4.090420e-242	5.003959e-07	8.588201e-12	2.239745e-238	1.593724e-05	4.702544e-08	4.090420e-242	2.910600e-09	8.588201e-12	2.239745e-238	4.410048e-08	4.702544e-08	4.090420e-242	8.054018e-12	8.588201e-12	2.239745e-238	4.214179e-12	4.702544e-08	4.090420e-242	7.696306e-16	8.588201e-12	2.239745e-238	-1.906375e-14	4.702544e-08	4.090420e-242	-3.481590e-18	8.588201e-12	
342	5.215993e+231	8.958979e-240	3.170042e-01	4.672997e-08	1.555382e-243	5.503559e-05	8.112862e-12	8.958979e-240	2.754749e-03	4.672997e-08	1.555382e-243	4.782563e-07	8.112862e-12	8.958979e-240	1.593056e-05	4.672997e-08	1.555382e-243	2.765730e-09	8.112862e-12	8.958979e-240	4.383190e-08	4.672997e-08	1.555382e-243	7.609722e-12	8.112862e-12	8.958979e-240	4.150995e-12	4.672997e-08	1.555382e-243	7.206607e-16	8.112862e-12	8.958979e-240	-1.866758e-14	4.672997e-08	1.555382e-243	-3.240908e-18	8.112862e-12	
344	1.295856e+233	3.583592e-241	3.205520e-01	4.643819e-08	5.914340e-245	5.290373e-05	7.664134e-12	3.583592e-241	2.769539e-03	4.643819e-08	5.914340e-245	4.570832e-07	7.664134e-12	3.583592e-241	1.592397e-05	4.643819e-08	5.914340e-245	2.628084e-09	7.664134e-12	3.583592e-241	4.356659e-08	4.643819e-08	5.914340e-245	7.190207e-12	7.664134e-12	3.583592e-241	4.089131e-12	4.643819e-08	5.914340e-245	6.748679e-16	7.664134e-12	3.583592e-241	-1.828194e-14	4.643819e-08	5.914340e-245	-3.017242e-18	7.664134e-12	
346	3.219537e+234	1.433437e-242	3.241195e-01	4.615003e-08	2.248928e-246	5.085132e-05	7.240508e-12	1.433437e-242	2.784329e-03	4.615003e-08	2.248928e-246	4.368351e-07	7.240508e-12	1.433437e-242	1.591746e-05	4.615003e-08	2.248928e-246	2.497300e-09	7.240508e-12	1.433437e-242	4.330451e-08	4.615003e-08	2.248928e-246	6.794072e-12	7.240508e-12	1.433437e-242	4.028549e-12	4.615003e-08	2.248928e-246	6.320417e-16	7.240508e-12	1.433437e-242	-1.790648e-14	4.615003e-08	2.248928e-246	-2.809360e-18	7.240508e-12	
348	7.999206e+235	5.733747e-244	3.277069e-01	4.586542e-08	8.551548e-248	4.887558e-05	6.840560e-12	5.733747e-244	2.799120e-03	4.586542e-08	8.551548e-248	4.174724e-07	6.840560e-12	5.733747e-244	1.591103e-05	4.586542e-08	8.551548e-248	2.373037e-09	6.840560e-12	5.733747e-244	4.304558e-08	4.586542e-08	8.551548e-248	6.419998e-12	6.840560e-12	5.733747e-244	3.969217e-12	4.586542e-08	8.551548e-248	5.919856e-16	6.840560e-12	5.733747e-244	-1.754088e-14	4.586542e-08	8.551548e-248	-2.616120e-18	6.840560e-12	
350	1.987544e+237	2.293499e-245	3.313142e-01	4.558430e-08	3.251726e-249	4.697378e-05	6.462950e-12	2.293499e-245	2.813912e-03	4.558430e-08	3.251726e-249	3.989569e-07	6.462950e-12	2.293499e-245	1.590467e-05	4.558430e-08	3.251726e-249	2.254967e-09	6.462950e-12	2.293499e-245	4.278976e-08	4.558430e-08	3.251726e-249	6.066740e-12	6.462950e-12	2.293499e-245	3.911102e-12	4.558430e-08	3.251726e-249	5.545167e-16	6.462950e-12	2.293499e-245	-1.718483e-14	4.558430e-08	3.251726e-249	-2.436467e-18	6.462950e-12	
352	4.938591e+238	9.173994e-247	3.349412e-01	4.530660e-08	1.236469e-250	4.514330e-05	6.106414e-12	9.173994e-247	2.828705e-03	4.530660e-08	1.236469e-250	3.812522e-07	6.106414e-12	9.173994e-247	1.589840e-05	4.530660e-08	1.236469e-250	2.142782e-09	6.106414e-12	9.173994e-247	4.253699e-08	4.530660e-08	1.236469e-250	5.733126e-12	6.106414e-12	9.173994e-247	3.854171e-12	4.530660e-08	1.236469e-250	5.194643e-16	6.106414e-12	9.173994e-247	-1.683801e-14	4.530660e-08	1.236469e-250	-2.269423e-18	6.106414e-12	
354	1.227172e+240	3.669598e-248	3.385881e-01	4.503227e-08	4.701673e-252	4.338161e-05	5.769761e-12	3.669598e-248	2.843499e-03	4.503227e-08	4.701673e-252	3.643234e-07	5.769761e-12	3.669598e-248	1.589220e-05	4.503227e-08	4.701673e-252	2.036188e-09	5.769761e-12	3.669598e-248	4.228721e-08	4.503227e-08	4.701673e-252	5.418050e-12	5.769761e-12	3.669598e-248	3.798394e-12	4.503227e-08	4.701673e-252	4.866693e-16	5.769761e-12	3.669598e-248	-1.650014e-14	4.503227e-08	4.701673e-252	-2.114081e-18	5.769761e-12	
356	3.049465e+241	1.467839e-249	3.422548e-01	4.476123e-08	1.787811e-253	4.168624e-05	5.451867e-12	1.467839e-249	2.858294e-03	4.476123e-08	1.787811e-253	3.481369e-07	5.451867e-12	1.467839e-249	1.588607e-05	4.476123e-08	1.787811e-253	1.934905e-09	5.451867e-12	1.467839e-249	4.204037e-08	4.476123e-08	1.787811e-253	5.120468e-12	5.451867e-12	1.467839e-249	3.743740e-12	4.476123e-08	1.787811e-253	4.559833e-16	5.451867e-12	1.467839e-249	-1.617094e-14	4.476123e-08	1.787811e-253	-1.969602e-18	5.451867e-12	
358	7.578051e+242	5.871356e-251	3.459414e-01	4.449344e-08	6.798152e-255	4.005483e-05	5.151675e-12	5.871356e-251	2.873089e-03	4.449344e-08	6.798152e-255	3.326608e-07	5.151675e-12	5.871356e-251	1.588001e-05	4.449344e-08	6.798152e-255	1.838668e-09	5.151675e-12	5.871356e-251	4.179642e-08	4.449344e-08	6.798152e-255	4.839399e-12	5.151675e-12	5.871356e-251	3.690182e-12	4.449344e-08	6.798152e-255	4.272678e-16	5.151675e-12	5.871356e-251	-1.585014e-14	4.449344e-08	6.798152e-255	-1.835209e-18	5.151675e-12	
360	1.883246e+244	2.348543e-252	3.496477e-01	4.422883e-08	2.584997e-256	3.848508e-05	4.868186e-12	2.348543e-252	2.887886e-03	4.422883e-08	2.584997e-256	3.178643e-07	4.868186e-12	2.348543e-252	1.587403e-05	4.422883e-08	2.584997e-256	1.747225e-09	4.868186e-12	2.348543e-252	4.155530e-08	4.422883e-08	2.584997e-256	4.573915e-12	4.868186e-12	2.348543e-252	3.637690e-12	4.422883e-08	2.584997e-256	4.003938e-16	4.868186e-12	2.348543e-252	-1.553747e-14	4.422883e-08	2.584997e-256	-1.710181e-18	4.868186e-12	
362	4.680280e+245	9.394170e-254	3.533739e-01	4.396735e-08	9.829452e-258	3.697476e-05	4.600459e-12	9.394170e-254	2.902683e-03	4.396735e-08	9.829452e-258	3.037180e-07	4.600459e-12	9.394170e-254	1.586812e-05	4.396735e-08	9.829452e-258	1.660337e-09	4.600459e-12	9.394170e-254	4.131697e-08	4.396735e-08	9.829452e-258	4.323141e-12	4.600459e-12	9.394170e-254	3.586238e-12	4.396735e-08	9.829452e-258	3.752407e-16	4.600459e-12	9.394170e-254	-1.523270e-14	4.396735e-08	9.829452e-258	-1.593851e-18	4.600459e-12	
364	1.163193e+247	3.757668e-255	3.571200e-01	4.370894e-08	3.737649e-259	3.552174e-05	4.347608e-12	3.757668e-255	2.917482e-03	4.370894e-08	3.737649e-259	2.901939e-07	4.347608e-12	3.757668e-255	1.586227e-05	4.370894e-08	3.737649e-259	1.577777e-09	4.347608e-12	3.757668e-255	4.108139e-08	4.370894e-08	3.737649e-259	4.086253e-12	4.347608e-12	3.757668e-255	3.535799e-12	4.370894e-08	3.737649e-259	3.516962e-16	4.347608e-12	3.757668e-255	-1.493556e-14	4.370894e-08	3.737649e-259	-1.485599e-18	4.347608e-12	
366	2.890992e+248	1.503067e-256	3.608858e-01	4.345355e-08	1.421241e-260	3.412394e-05	4.108796e-12	1.503067e-256	2.932281e-03	4.345355e-08	1.421241e-260	2.772649e-07	4.108796e-12	1.503067e-256	1.585650e-05	4.345355e-08	1.421241e-260	1.499328e-09	4.108796e-12	1.503067e-256	4.084849e-08	4.345355e-08	1.421241e-260	3.862472e-12	4.108796e-12	1.503067e-256	3.486348e-12	4.345355e-08	1.421241e-260	3.296553e-16	4.108796e-12	1.503067e-256	-1.464584e-14	4.345355e-08	1.421241e-260	-1.384853e-18	4.108796e-12	
368	7.185494e+249	6.012269e-258	3.646715e-01	4.320112e-08	5.404269e-262	3.277936e-05	3.883235e-12	6.012269e-258	2.947081e-03	4.320112e-08	5.404269e-262	2.649053e-07	3.883235e-12	6.012269e-258	1.585079e-05	4.320112e-08	5.404269e-262	1.424785e-09	3.883235e-12	6.012269e-258	4.061825e-08	4.320112e-08	5.404269e-262	3.651067e-12	3.883235e-12	6.012269e-258	3.437860e-12	4.320112e-08	5.404269e-262	3.090201e-16	3.883235e-12	6.012269e-258	-1.436330e-14	4.320112e-08	5.404269e-262	-1.291079e-18	3.883235e-12	
370	1.785999e+251	2.404908e-259	3.684770e-01	4.295161e-08	2.054973e-263	3.148606e-05	3.670179e-12	2.404908e-259	2.961881e-03	4.295161e-08	2.054973e-263	2.530903e-07	3.670179e-12	2.404908e-259	1.584515e-05	4.295161e-08	2.054973e-263	1.353954e-09	3.670179e-12	2.404908e-259	4.039060e-08	4.295161e-08	2.054973e-263	3.451343e-12	3.670179e-12	2.404908e-259	3.390311e-12	4.295161e-08	2.054973e-263	2.896993e-16	3.670179e-12	2.404908e-259	-1.408774e-14	4.295161e-08	2.054973e-263	-1.203786e-18	3.670179e-12	
372	4.439356e+252	9.619630e-261	3.723024e-01	4.270497e-08	7.814036e-265	3.024216e-05	3.468929e-12	9.619630e-261	2.976683e-03	4.270497e-08	7.814036e-265	2.417962e-07	3.468929e-12	9.619630e-261	1.583957e-05	4.270497e-08	7.814036e-265	1.286650e-09	3.468929e-12	9.619630e-261	4.016551e-08	4.270497e-08	7.814036e-265	3.262649e-12	3.468929e-12	9.619630e-261	3.343678e-12	4.270497e-08	7.814036e-265	2.716074e-16	3.468929e-12	9.619630e-261	-1.381894e-14	4.270497e-08	7.814036e-265	-1.122514e-18	3.468929e-12	
374	1.103502e+254	3.847852e-262	3.761476e-01	4.246114e-08	2.971287e-266	2.904588e-05	3.278822e-12	3.847852e-262	2.991485e-03	4.246114e-08	2.971287e-266	2.310006e-07	3.278822e-12	3.847852e-262	1.583405e-05	4.246114e-08	2.971287e-266	1.222695e-09	3.278822e-12	3.847852e-262	3.994294e-08	4.246114e-08	2.971287e-266	3.084369e-12	3.278822e-12	3.847852e-262	3.297938e-12	4.246114e-08	2.971287e-266	2.546647e-16	3.278822e-12	3.847852e-262	-1.355669e-14	4.246114e-08	2.971287e-266	-1.046839e-18	3.278822e-12	
376	2.743094e+255	1.539141e-263	3.800126e-01	4.222007e-08	1.129832e-267	2.789546e-05	3.099235e-12	1.539141e-263	3.006288e-03	4.222007e-08	1.129832e-267	2.206815e-07	3.099235e-12	1.539141e-263	1.582860e-05	4.222007e-08	1.129832e-267	1.161924e-09	3.099235e-12	1.539141e-263	3.972284e-08	4.222007e-08	1.129832e-267	2.915921e-12	3.099235e-12	1.539141e-263	3.253070e-12	4.222007e-08	1.129832e-267	2.387970e-16	3.099235e-12	1.539141e-263	-1.330081e-14	4.222007e-08	1.129832e-267	-9.763683e-19	3.099235e-12	
378	6.819020e+256	6.156563e-265	3.838974e-01	4.198173e-08	4.296186e-269	2.678921e-05	2.929578e-12	6.156563e-265	3.021091e-03	4.198173e-08	4.296186e-269	2.108184e-07	2.929578e-12	6.156563e-265	1.582320e-05	4.198173e-08	4.296186e-269	1.104178e-09	2.929578e-12	6.156563e-265	3.950517e-08	4.198173e-08	4.296186e-269	2.756758e-12	2.929578e-12	6.156563e-265	3.209052e-12	4.198173e-08	4.296186e-269	2.239347e-16	2.929578e-12	6.156563e-265	-1.305111e-14	4.198173e-08	4.296186e-269	-9.107353e-19	2.929578e-12	
380	1.695185e+258	2.462625e-266	3.878021e-01	4.174606e-08	1.633625e-270	2.572552e-05	2.769297e-12	2.462625e-266	3.035896e-03	4.174606e-08	1.633625e-270	2.013913e-07	2.769297e-12	2.462625e-266	1.581787e-05	4.174606e-08	1.633625e-270	1.049306e-09	2.769297e-12	2.462625e-266	3.928989e-08	4.174606e-08	1.633625e-270	2.606362e-12	2.769297e-12	2.462625e-266	3.165863e-12	4.174606e-08	1.633625e-270	2.100130e-16	2.769297e-12	2.462625e-266	-1.280740e-14	4.174606e-08	1.633625e-270	-8.496011e-19	2.769297e-12	
382	4.214306e+259	9.850502e-268	3.917266e-01	4.151303e-08	6.211858e-272	2.470280e-05	2.617867e-12	9.850502e-268	3.050701e-03	4.151303e-08	6.211858e-272	1.923813e-07	2.617867e-12	9.850502e-268	1.581260e-05	4.151303e-08	6.211858e-272	9.971636e-10	2.617867e-12	9.850502e-268	3.907697e-08	4.151303e-08	6.211858e-272	2.464246e-12	2.617867e-12	9.850502e-268	3.123484e-12	4.151303e-08	6.211858e-272	1.969711e-16	2.617867e-12	9.850502e-268	-1.256952e-14	4.151303e-08	6.211858e-272	-7.926506e-19	2.617867e-12	
384	1.047728e+261	3.940201e-269	3.956709e-01	4.128258e-08	2.362059e-273	2.371956e-05	2.474795e-12	3.940201e-269	3.065506e-03	4.128258e-08	2.362059e-273	1.837700e-07	2.474795e-12	3.940201e-269	1.580738e-05	4.128258e-08	2.362059e-273	9.476160e-10	2.474795e-12	3.940201e-269	3.886635e-08	4.128258e-08	2.362059e-273	2.329948e-12	2.474795e-12	3.940201e-269	3.081895e-12	4.128258e-08	2.362059e-273	1.847525e-16	2.474795e-12	3.940201e-269	-1.233728e-14	4.128258e-08	2.362059e-273	-7.395916e-19	2.474795e-12	
386	2.604859e+262	1.576080e-270	3.996351e-01	4.105467e-08	8.981730e-275	2.277431e-05	2.339614e-12	1.576080e-270	3.080313e-03	4.105467e-08	8.981730e-275	1.755402e-07	2.339614e-12	1.576080e-270	1.580222e-05	4.105467e-08	8.981730e-275	9.005335e-10	2.339614e-12	1.576080e-270	3.865801e-08	4.105467e-08	8.981730e-275	2.203034e-12	2.339614e-12	1.576080e-270	3.041077e-12	4.105467e-08	8.981730e-275	1.733042e-16	2.339614e-12	1.576080e-270	-1.211054e-14	4.105467e-08	8.981730e-275	-6.901525e-19	2.339614e-12	
388	6.476393e+263	6.304321e-272	4.036191e-01	4.082926e-08	3.415303e-276	2.186566e-05	2.211884e-12	6.304321e-272	3.095120e-03	4.082926e-08	3.415303e-276	1.676750e-07	2.211884e-12	6.304321e-272	1.579712e-05	4.082926e-08	3.415303e-276	8.557933e-10	2.211884e-12	6.304321e-272	3.845192e-08	4.082926e-08	3.415303e-276	2.083094e-12	2.211884e-12	6.304321e-272	3.001012e-12	4.082926e-08	3.415303e-276	1.625768e-16	2.211884e-12	6.304321e-272	-1.188912e-14	4.082926e-08	3.415303e-276	-6.440813e-19	2.211884e-12	
390	1.610257e+265	2.521728e-273	4.076229e-01	4.060632e-08	1.298669e-277	2.099223e-05	2.091191e-12	2.521728e-273	3.109928e-03	4.060632e-08	1.298669e-277	1.601587e-07	2.091191e-12	2.521728e-273	1.579208e-05	4.060632e-08	1.298669e-277	8.132786e-10	2.091191e-12	2.521728e-273	3.824802e-08	4.060632e-08	1.298669e-277	1.969741e-12	2.091191e-12	2.521728e-273	2.961683e-12	4.060632e-08	1.298669e-277	1.525242e-16	2.091191e-12	2.521728e-273	-1.167288e-14	4.060632e-08	1.298669e-277	-6.011437e-19	2.091191e-12	
392	4.003781e+266	1.008691e-274	4.116465e-01	4.038579e-08	4.938188e-279	2.015273e-05	1.977142e-12	1.008691e-274	3.124736e-03	4.038579e-08	4.938188e-279	1.529758e-07	1.977142e-12	1.008691e-274	1.578708e-05	4.038579e-08	4.938188e-279	7.728786e-10	1.977142e-12	1.008691e-274	3.804629e-08	4.038579e-08	4.938188e-279	1.862609e-12	1.977142e-12	1.008691e-274	2.923071e-12	4.038579e-08	4.938188e-279	1.431030e-16	1.977142e-12	1.008691e-274	-1.146168e-14	4.038579e-08	4.938188e-279	-5.611224e-19	1.977142e-12	
394	9.955386e+267	4.034765e-276	4.156900e-01	4.016765e-08	1.877746e-280	1.934586e-05	1.869369e-12	4.034765e-276	3.139545e-03	4.016765e-08	1.877746e-280	1.461118e-07	1.869369e-12	4.034765e-276	1.578215e-05	4.016765e-08	1.877746e-280	7.344879e-10	1.869369e-12	4.034765e-276	3.784670e-08	4.016765e-08	1.877746e-280	1.761354e-12	1.869369e-12	4.034765e-276	2.885161e-12	4.016765e-08	1.877746e-280	1.342730e-16	1.869369e-12	4.034765e-276	-1.125536e-14	4.016765e-08	1.877746e-280	-5.238151e-19	1.869369e-12	
396	2.475475e+269	1.613906e-277	4.197533e-01	3.995185e-08	7.140130e-282	1.857043e-05	1.767521e-12	1.613906e-277	3.154355e-03	3.995185e-08	7.140130e-282	1.395527e-07	1.767521e-12	1.613906e-277	1.577726e-05	3.995185e-08	7.140130e-282	6.980064e-10	1.767521e-12	1.613906e-277	3.764920e-08	3.995185e-08	7.140130e-282	1.665649e-12	1.767521e-12	1.613906e-277	2.847935e-12	3.995185e-08	7.140130e-282	1.259963e-16	1.767521e-12	1.613906e-277	-1.105379e-14	3.995185e-08	7.140130e-282	-4.890342e-19	1.767521e-12	
398	6.155617e+270	6.455625e-279	4.238364e-01	3.973835e-08	2.715034e-283	1.782524e-05	1.671271e-12	6.455625e-279	3.169165e-03	3.973835e-08	2.715034e-283	1.332852e-07	1.671271e-12	6.455625e-279	1.577243e-05	3.973835e-08	2.715034e-283	6.633391e-10	1.671271e-12	6.455625e-279	3.745377e-08	3.973835e-08	2.715034e-283	1.575189e-12	1.671271e-12	6.455625e-279	2.811379e-12	3.973835e-08	2.715034e-283	1.182378e-16	1.671271e-12	6.455625e-279	-1.085685e-14	3.973835e-08	2.715034e-283	-4.566051e-19	1.671271e-12	
