X	Edge	Bias	Value	Uncertainty	Exception
-3.000000000000000e+00	1.980900000000000e-01	4.064103272160762e-01	1.406410327216076e+00	9.486650755754822e+01	Type.NotMonotonicException
-2.950000000000000e+00	1.981300000000000e-01	3.854404919024435e-01	1.385440491902443e+00	8.009473327811463e+01	Type.NotMonotonicException
-2.900000000000000e+00	1.981800000000000e-01	3.663425081335991e-01	1.366342508133599e+00	6.810463000354486e+01	Type.NotMonotonicException
-2.850000000000000e+00	1.982300000000000e-01	3.485041747966400e-01	1.348504174796640e+00	5.786139336769490e+01	Type.NotMonotonicException
-2.800000000000000e+00	1.982800000000000e-01	3.317934485516223e-01	1.331793448551622e+00	4.911755173946605e+01	Type.NotMonotonicException
-2.750000000000000e+00	1.983300000000000e-01	3.160948416548852e-01	1.316094841654885e+00	4.165973155760979e+01	Type.NotMonotonicException
-2.700000000000000e+00	1.983800000000000e-01	3.013073042131045e-01	1.301307304213105e+00	3.530408995928525e+01	Type.NotMonotonicException
-2.650000000000000e+00	1.984200000000000e-01	2.871751314025317e-01	1.287175131402532e+00	2.966298991610778e+01	Type.NotMonotonicException
-2.600000000000000e+00	1.984700000000000e-01	2.739768606991413e-01	1.273976860699141e+00	2.509515278365426e+01	Type.NotMonotonicException
-2.550000000000000e+00	1.985200000000000e-01	2.614527617874018e-01	1.261452761787402e+00	2.121242945827462e+01	Type.NotMonotonicException
-2.500000000000000e+00	1.985700000000000e-01	2.495436704058778e-01	1.249543670405878e+00	1.791506596462733e+01	Type.NotMonotonicException
-2.450000000000000e+00	1.986200000000000e-01	2.381976215938295e-01	1.238197621593830e+00	1.511743318810871e+01	Type.NotMonotonicException
-2.400000000000000e+00	1.986600000000000e-01	2.272838243471356e-01	1.227283824347136e+00	1.265093980200758e+01	Type.NotMonotonicException
-2.350000000000000e+00	1.987100000000000e-01	2.169423414046825e-01	1.216942341404683e+00	1.065844603298917e+01	Type.NotMonotonicException
-2.300000000000000e+00	1.987600000000000e-01	2.070411383198236e-01	1.207041138319824e+00	8.972954548581855e+00	Type.NotMonotonicException
-2.250000000000000e+00	1.988100000000000e-01	1.975490975251435e-01	1.197549097525144e+00	7.548715599647395e+00	Type.NotMonotonicException
-2.200000000000000e+00	1.988600000000000e-01	1.884386895368835e-01	1.188438689536884e+00	6.346617574959755e+00	Type.NotMonotonicException
-2.150000000000000e+00	1.989100000000000e-01	1.796855132800899e-01	1.179685513280090e+00	5.333252866243388e+00	Type.NotMonotonicException
-2.100000000000000e+00	1.989600000000000e-01	1.712678962765670e-01	1.171267896276567e+00	4.480111047121404e+00	Type.NotMonotonicException
-2.050000000000000e+00	1.990000000000000e-01	1.631293738358053e-01	1.163129373835805e+00	3.736717876971491e+00	Type.NotMonotonicException
-2.000000000000000e+00	1.990500000000000e-01	1.553308017125443e-01	1.155330801712544e+00	3.139257140972415e+00	Type.NotMonotonicException
-1.950000000000000e+00	1.991000000000000e-01	1.478154289373079e-01	1.147815428937308e+00	2.638627461567807e+00	Type.NotMonotonicException
-1.900000000000000e+00	1.991500000000000e-01	1.405695124689950e-01	1.140569512468995e+00	2.219948981052058e+00	Type.NotMonotonicException
-1.850000000000000e+00	1.992000000000000e-01	1.335806893946687e-01	1.133580689394669e+00	1.870569019029322e+00	Type.NotMonotonicException
-1.800000000000000e+00	1.992500000000000e-01	1.268378061584330e-01	1.126837806158433e+00	1.579729868521995e+00	Type.NotMonotonicException
-1.750000000000000e+00	1.992900000000000e-01	1.203102750238914e-01	1.120310275023891e+00	1.330546415873906e+00	Type.NotMonotonicException
-1.700000000000000e+00	1.993400000000000e-01	1.140316947680247e-01	1.114031694768025e+00	1.132227412106703e+00	Type.NotMonotonicException
-1.650000000000000e+00	1.993900000000000e-01	1.079712779473778e-01	1.107971277947378e+00	9.685945965772000e-01	Type.NotMonotonicException
-1.600000000000000e+00	1.994400000000000e-01	1.021214324658963e-01	1.102121432465896e+00	8.339983825064153e-01	Type.NotMonotonicException
-1.550000000000000e+00	1.994900000000000e-01	9.647520119841557e-02	1.096475201198416e+00	7.235878993648168e-01	Type.NotMonotonicException
-1.500000000000000e+00	1.995400000000000e-01	9.102618915927851e-02	1.091026189159279e+00	6.331873579354337e-01	Type.NotMonotonicException
-1.450000000000000e+00	1.995900000000000e-01	8.576850018479099e-02	1.085768500184791e+00	5.592002623378596e-01	Type.NotMonotonicException
-1.400000000000000e+00	1.996400000000000e-01	8.069668186340206e-02	1.080696681863402e+00	4.985385286941962e-01	Type.NotMonotonicException
-1.350000000000000e+00	1.996800000000000e-01	7.579536371097450e-02	1.075795363710975e+00	4.475837196316745e-01	Type.NotMonotonicException
-1.300000000000000e+00	1.997300000000000e-01	7.108129140023190e-02	1.071081291400232e+00	4.063559475687423e-01	Type.NotMonotonicException
-1.250000000000000e+00	1.997800000000000e-01	6.653888354372728e-02	1.066538883543727e+00	3.717111454753946e-01	Type.NotMonotonicException
-1.200000000000000e+00	1.998300000000000e-01	6.216404822421606e-02	1.062164048224216e+00	3.421731770407915e-01	Type.NotMonotonicException
-1.150000000000000e+00	1.998800000000000e-01	5.795295087188723e-02	1.057952950871887e+00	3.165661488636695e-01	Type.NotMonotonicException
-1.100000000000000e+00	1.999300000000000e-01	5.390199021494158e-02	1.053901990214942e+00	2.939702644736891e-01	Type.NotMonotonicException
-1.050000000000000e+00	1.999700000000000e-01	5.000157447926434e-02	1.050001574479264e+00	2.735346502869069e-01	Type.NotMonotonicException
-1.000000000000000e+00	2.000200000000000e-01	4.626144338451854e-02	1.046261443384519e+00	2.550469162473541e-01	Type.NotMonotonicException
-9.500000000000000e-01	2.000600000000000e-01	4.266663794632475e-02	1.042666637946325e+00	2.378345460908296e-01	Type.NotMonotonicException
-9.000000000000000e-01	2.001100000000000e-01	3.922512160350800e-02	1.039225121603508e+00	2.217687480824850e-01	Type.NotMonotonicException
-8.500000000000000e-01	2.001500000000000e-01	3.592425066242444e-02	1.035924250662424e+00	2.064867789885507e-01	Type.NotMonotonicException
-8.000000000000000e-01	2.002000000000000e-01	3.277042214017745e-02	1.032770422140177e+00	1.919179280076977e-01	Type.NotMonotonicException
-7.500000000000000e-01	2.002400000000000e-01	2.975301706230682e-02	1.029753017062307e+00	1.778632002508441e-01	Type.NotMonotonicException
-7.000000000000000e-01	2.002900000000000e-01	2.687704875741503e-02	1.026877048757415e+00	1.642862822654044e-01	Type.NotMonotonicException
-6.500000000000000e-01	2.003300000000000e-01	2.413367696844460e-02	1.024133676968445e+00	1.510732747712408e-01	Type.NotMonotonicException
-6.000000000000000e-01	2.003700000000000e-01	2.152422987753133e-02	1.021524229877531e+00	1.381936753041365e-01	Type.NotMonotonicException
-5.500000000000000e-01	2.004200000000000e-01	1.904882535854768e-02	1.019048825358548e+00	1.256159487126257e-01	Type.NotMonotonicException
-5.000000000000000e-01	2.004600000000000e-01	1.670090163723392e-02	1.016700901637234e+00	1.132845413034869e-01	Type.NotMonotonicException
-4.500000000000000e-01	2.005000000000000e-01	1.448106392473014e-02	1.014481063924730e+00	1.011855948706766e-01	Type.NotMonotonicException
-4.000000000000000e-01	2.005400000000000e-01	1.238754117157082e-02	1.012387541171571e+00	8.929739641063307e-02	Type.NotMonotonicException
-3.500000000000000e-01	2.005900000000000e-01	1.041980399763576e-02	1.010419803997636e+00	7.760689459211743e-02	Type.NotMonotonicException
-3.000000000000000e-01	2.006300000000000e-01	8.573717391236135e-03	1.008573717391236e+00	6.608715141298165e-02	Type.NotMonotonicException
-2.500000000000000e-01	2.006700000000000e-01	6.849132794164436e-03	1.006849132794164e+00	5.473059558190279e-02	Type.NotMonotonicException
-2.000000000000000e-01	2.007100000000000e-01	5.244589666967725e-03	1.005244589666968e+00	4.352491851112437e-02	Type.NotMonotonicException
-1.500000000000000e-01	2.007500000000000e-01	3.758697038378944e-03	1.003758697038379e+00	3.245894737001841e-02	Type.NotMonotonicException
-1.000000000000000e-01	2.007800000000000e-01	2.389871218619666e-03	1.002389871218620e+00	2.152113587445130e-02	Type.NotMonotonicException
-5.000000000000000e-02	2.008200000000000e-01	1.137508006885390e-03	1.001137508006885e+00	1.070512090990948e-02	Type.NotMonotonicException
5.000000000000000e-02	2.008900000000000e-01	-1.023680597080801e-03	9.989763194029192e-01	1.060208067529260e-02	Type.NotMonotonicException
1.000000000000000e-01	2.009300000000000e-01	-1.934736276592020e-03	9.980652637234080e-01	2.110976602833670e-02	Type.NotMonotonicException
1.500000000000000e-01	2.009600000000000e-01	-2.733899335471413e-03	9.972661006645286e-01	3.152896909548598e-02	Type.NotMonotonicException
2.000000000000000e-01	2.009900000000000e-01	-3.422286053288981e-03	9.965777139467110e-01	4.186766410724812e-02	Type.NotMonotonicException
2.500000000000000e-01	2.010200000000000e-01	-4.000849175979648e-03	9.959991508240204e-01	5.213292897483517e-02	Type.NotMonotonicException
3.000000000000000e-01	2.010500000000000e-01	-4.470489336558137e-03	9.955295106634419e-01	6.233157503887885e-02	Type.NotMonotonicException
3.500000000000000e-01	2.010800000000000e-01	-4.832056531716256e-03	9.951679434682837e-01	7.247017282582927e-02	Type.NotMonotonicException
4.000000000000000e-01	2.011000000000000e-01	-5.085818589863678e-03	9.949141814101363e-01	8.255072318906863e-02	Type.NotMonotonicException
4.500000000000000e-01	2.011300000000000e-01	-5.233580276502337e-03	9.947664197234977e-01	9.258758735579446e-02	Type.NotMonotonicException
5.000000000000000e-01	2.011500000000000e-01	-5.274990108005140e-03	9.947250098919949e-01	1.025775545405501e-01	Type.NotMonotonicException
5.500000000000000e-01	2.011800000000000e-01	-5.211815545450471e-03	9.947881844545495e-01	1.125366035324920e-01	Type.NotMonotonicException
6.000000000000000e-01	2.012000000000000e-01	-5.043602937231606e-03	9.949563970627684e-01	1.224592539249774e-01	Type.NotMonotonicException
6.500000000000000e-01	2.012200000000000e-01	-4.771505934000664e-03	9.952284940659993e-01	1.323563518041170e-01	Type.NotMonotonicException
7.000000000000000e-01	2.012500000000000e-01	-4.396538788181359e-03	9.956034612118186e-01	1.422405002792429e-01	Type.NotMonotonicException
7.500000000000000e-01	2.012700000000000e-01	-3.918263854488235e-03	9.960817361455118e-01	1.521029847836311e-01	Type.NotMonotonicException
8.000000000000000e-01	2.012900000000000e-01	-3.337652144577152e-03	9.966623478554228e-01	1.619557058501211e-01	Type.NotMonotonicException
8.500000000000000e-01	2.013200000000000e-01	-2.655413009323926e-03	9.973445869906761e-01	1.718123169214326e-01	Type.NotMonotonicException
9.000000000000000e-01	2.013400000000000e-01	-1.871320201407900e-03	9.981286797985921e-01	1.816610090982619e-01	Type.NotMonotonicException
9.500000000000000e-01	2.013600000000000e-01	-9.860754563921770e-04	9.990139245436078e-01	1.915147913267003e-01	Type.NotMonotonicException
1.050000000000000e+00	2.014100000000000e-01	1.086732666102819e-03	1.001086732666103e+00	2.112671467558533e-01	Type.NotMonotonicException
1.100000000000000e+00	2.014300000000000e-01	2.273774931412786e-03	1.002273774931413e+00	2.211650749567079e-01	Type.NotMonotonicException
1.150000000000000e+00	2.014500000000000e-01	3.560915873500159e-03	1.003560915873500e+00	2.310868140058716e-01	Type.NotMonotonicException
1.200000000000000e+00	2.014700000000000e-01	4.947980189301537e-03	1.004947980189302e+00	2.410368946445950e-01	Type.NotMonotonicException
1.250000000000000e+00	2.015000000000000e-01	6.435476326082767e-03	1.006435476326083e+00	2.510321697668594e-01	Type.NotMonotonicException
1.300000000000000e+00	2.015200000000000e-01	8.022159993651190e-03	1.008022159993651e+00	2.610528286567131e-01	Type.NotMonotonicException
1.350000000000000e+00	2.015400000000000e-01	9.708459286865923e-03	1.009708459286866e+00	2.711151634942024e-01	Type.NotMonotonicException
1.400000000000000e+00	2.015600000000000e-01	1.149433639683872e-02	1.011494336396839e+00	2.812235473117884e-01	Type.NotMonotonicException
1.450000000000000e+00	2.015900000000000e-01	1.338112750897302e-02	1.013381127508973e+00	2.913966868538333e-01	Type.NotMonotonicException
1.500000000000000e+00	2.016100000000000e-01	1.536637651411965e-02	1.015366376514120e+00	3.016107009601669e-01	Type.NotMonotonicException
1.550000000000000e+00	2.016300000000000e-01	1.745129775140164e-02	1.017451297751402e+00	3.118837490038948e-01	Type.NotMonotonicException
1.600000000000000e+00	2.016500000000000e-01	1.963598444416626e-02	1.019635984444166e+00	3.222201245742934e-01	Type.NotMonotonicException
1.650000000000000e+00	2.016800000000000e-01	2.192274749698231e-02	1.021922747496982e+00	3.326405906968394e-01	Type.NotMonotonicException
1.700000000000000e+00	2.017000000000000e-01	2.430760750011785e-02	1.024307607500118e+00	3.431170237291639e-01	Type.NotMonotonicException
1.750000000000000e+00	2.017200000000000e-01	2.679271287753027e-02	1.026792712877530e+00	3.536696378386340e-01	Type.NotMonotonicException
1.800000000000000e+00	2.017500000000000e-01	2.938120360862340e-02	1.029381203608623e+00	3.643208884631738e-01	Type.NotMonotonicException
1.850000000000000e+00	2.017700000000000e-01	3.206775347001023e-02	1.032067753470010e+00	3.750393059789786e-01	Type.NotMonotonicException
1.900000000000000e+00	2.017900000000000e-01	3.485530973724282e-02	1.034855309737243e+00	3.858467872237701e-01	Type.NotMonotonicException
1.950000000000000e+00	2.018200000000000e-01	3.774792725626219e-02	1.037747927256262e+00	3.967676232915647e-01	Type.NotMonotonicException
2.050000000000000e+00	2.018600000000000e-01	4.383162957076037e-02	1.043831629570760e+00	4.188680908398255e-01	Type.NotMonotonicException
2.100000000000000e+00	2.018800000000000e-01	4.702694949494890e-02	1.047026949494949e+00	4.300758157943949e-01	Type.NotMonotonicException
2.150000000000000e+00	2.019100000000000e-01	5.033012799256675e-02	1.050330127992567e+00	4.414169799680112e-01	Type.NotMonotonicException
2.200000000000000e+00	2.019300000000000e-01	5.373200620383489e-02	1.053732006203835e+00	4.528515493747778e-01	Type.NotMonotonicException
2.250000000000000e+00	2.019500000000000e-01	5.723773220958095e-02	1.057237732209581e+00	4.644059026332348e-01	Type.NotMonotonicException
2.300000000000000e+00	2.019800000000000e-01	6.085384149642414e-02	1.060853841496424e+00	4.761092525704860e-01	Type.NotMonotonicException
2.350000000000000e+00	2.020000000000000e-01	6.456922972406254e-02	1.064569229724063e+00	4.879174875216311e-01	Type.NotMonotonicException
2.400000000000000e+00	2.020200000000000e-01	6.839013783969317e-02	1.068390137839693e+00	4.998591815999821e-01	Type.NotMonotonicException
2.450000000000000e+00	2.020500000000000e-01	7.232431954327945e-02	1.072324319543279e+00	5.119659693089930e-01	Type.NotMonotonicException
2.500000000000000e+00	2.020700000000000e-01	7.635853715555996e-02	1.076358537155560e+00	5.241893660874755e-01	Type.NotMonotonicException
2.550000000000000e+00	2.020900000000000e-01	8.050021826893738e-02	1.080500218268937e+00	5.365603301083490e-01	Type.NotMonotonicException
2.600000000000000e+00	2.021100000000000e-01	8.475006765204030e-02	1.084750067652040e+00	5.490836681112125e-01	Type.NotMonotonicException
2.650000000000000e+00	2.021400000000000e-01	8.911761607289881e-02	1.089117616072899e+00	5.617945774685518e-01	Type.NotMonotonicException
2.700000000000000e+00	2.021600000000000e-01	9.358647975003742e-02	1.093586479750037e+00	5.746382202503063e-01	Type.NotMonotonicException
2.750000000000000e+00	2.021800000000000e-01	9.816582002744778e-02	1.098165820027448e+00	5.876490576062909e-01	Type.NotMonotonicException
2.800000000000000e+00	2.022100000000000e-01	1.028666205603408e-01	1.102866620560341e+00	6.008652355410552e-01	Type.NotMonotonicException
2.850000000000000e+00	2.022300000000000e-01	1.076699028700574e-01	1.107669902870057e+00	6.142267090036064e-01	Type.NotMonotonicException
2.900000000000000e+00	2.022500000000000e-01	1.125862475631705e-01	1.112586247563171e+00	6.277708353684934e-01	Type.NotMonotonicException
2.950000000000000e+00	2.022800000000000e-01	1.176281990601933e-01	1.117628199060193e+00	6.415389698143327e-01	Type.NotMonotonicException
3.050000000000000e+00	2.023200000000000e-01	1.280356798121660e-01	1.128035679812166e+00	6.695907407248994e-01	Type.NotMonotonicException
3.100000000000000e+00	2.023400000000000e-01	1.334143310940841e-01	1.133414331094084e+00	6.839204477218075e-01	Type.NotMonotonicException
3.150000000000000e+00	2.023700000000000e-01	1.389247298880409e-01	1.138924729888041e+00	6.985006360275059e-01	Type.NotMonotonicException
3.200000000000000e+00	2.023900000000000e-01	1.445410123346951e-01	1.144541012334695e+00	7.132573847475708e-01	Type.NotMonotonicException
3.250000000000000e+00	2.024100000000000e-01	1.502774939149445e-01	1.150277493914945e+00	7.282358357684728e-01	Type.NotMonotonicException
3.300000000000000e+00	2.024400000000000e-01	1.561508093385915e-01	1.156150809338592e+00	7.434859791953711e-01	Type.NotMonotonicException
3.350000000000000e+00	2.024600000000000e-01	1.621317648996463e-01	1.162131764899646e+00	7.589270979666664e-01	Type.NotMonotonicException
3.400000000000000e+00	2.024800000000000e-01	1.682364709012270e-01	1.168236470901227e+00	7.746081688776920e-01	Type.NotMonotonicException
3.450000000000000e+00	2.025100000000000e-01	1.744835216613401e-01	1.174483521661340e+00	7.905834387759025e-01	Type.NotMonotonicException
3.500000000000000e+00	2.025300000000000e-01	1.808401508556334e-01	1.180840150855633e+00	8.067648128284556e-01	Type.NotMonotonicException
3.550000000000000e+00	2.025500000000000e-01	1.873243885519302e-01	1.187324388551930e+00	8.232054406848481e-01	Type.NotMonotonicException
3.600000000000000e+00	2.025800000000000e-01	1.939569221062441e-01	1.193956922106244e+00	8.399642022877655e-01	Type.NotMonotonicException
3.650000000000000e+00	2.026000000000000e-01	2.007011576946700e-01	1.200701157694670e+00	8.569449885756301e-01	Type.NotMonotonicException
3.700000000000000e+00	2.026200000000000e-01	2.075771766826922e-01	1.207577176682692e+00	8.742054899125747e-01	Type.NotMonotonicException
3.750000000000000e+00	2.026500000000000e-01	2.146079002291739e-01	1.214607900229174e+00	8.918096287756131e-01	Type.NotMonotonicException
3.800000000000000e+00	2.026700000000000e-01	2.217526389126761e-01	1.221752638912676e+00	9.096525862380725e-01	Type.NotMonotonicException
3.850000000000000e+00	2.026900000000000e-01	2.290336640800657e-01	1.229033664080066e+00	9.277969937120603e-01	Type.NotMonotonicException
3.900000000000000e+00	2.027100000000000e-01	2.364525462944789e-01	1.236452546294479e+00	9.462503841026446e-01	Type.NotMonotonicException
3.950000000000000e+00	2.027400000000000e-01	2.440354173485777e-01	1.244035417348578e+00	9.650841015515955e-01	Type.NotMonotonicException
